Date,Molecular Total,Molecular New,Molecular Positive New,Molecular Missing,Serology Total,Serology New,Serology Positive New,First Molecular Test per person,Repeat Molecular Tests,All Molecular Tests,All Positive Molecular Tests,Antigen Positive New,Antigen New,Antigen Total
1/22/2020,1,1,0,,0,0,0,1,0,1,0,0,0,0
1/23/2020,2,1,0,,0,0,0,1,0,1,0,0,0,0
1/24/2020,2,0,0,,0,0,0,0,0,0,0,0,0,0
1/25/2020,2,0,0,,0,0,0,0,0,0,0,0,0,0
1/26/2020,2,0,0,,0,0,0,0,0,0,0,0,0,0
1/27/2020,3,1,0,,0,0,0,1,0,1,0,0,0,0
1/28/2020,3,0,0,,0,0,0,0,0,0,0,0,0,0
1/29/2020,4,1,1,,0,0,0,1,0,1,1,0,0,0
1/30/2020,4,0,0,,0,0,0,0,0,0,0,0,0,0
1/31/2020,4,0,0,,0,0,0,0,0,0,0,0,0,0
2/1/2020,4,0,0,,0,0,0,0,0,0,0,0,0,0
2/2/2020,4,0,0,,0,0,0,0,0,0,0,0,0,0
2/3/2020,7,3,0,,0,0,0,3,0,3,0,0,0,0
2/4/2020,9,2,0,,0,0,0,2,0,2,0,0,0,0
2/5/2020,9,0,0,,0,0,0,0,0,0,0,0,0,0
2/6/2020,10,1,1,,0,0,0,1,0,1,1,0,0,0
2/7/2020,10,0,0,,0,0,0,0,0,0,0,0,0,0
2/8/2020,11,1,0,,0,0,0,1,0,1,0,0,0,0
2/9/2020,11,0,0,,0,0,0,0,0,0,0,0,0,0
2/10/2020,11,0,0,,0,0,0,0,1,1,1,0,0,0
2/11/2020,11,0,0,,0,0,0,0,0,0,0,0,0,0
2/12/2020,11,0,0,,0,0,0,1,0,1,0,0,0,0
2/13/2020,11,0,0,,0,0,0,0,0,0,0,0,0,0
2/14/2020,11,0,0,,0,0,0,0,0,0,0,0,0,0
2/15/2020,11,0,0,,0,0,0,0,0,0,0,0,0,0
2/16/2020,11,0,0,,0,0,0,0,0,0,0,0,0,0
2/17/2020,11,0,0,,0,0,0,0,0,0,0,0,0,0
2/18/2020,11,0,0,,0,0,0,0,0,0,0,0,0,0
2/19/2020,11,0,0,,0,0,0,0,0,0,0,0,0,0
2/20/2020,11,0,0,,0,0,0,0,1,1,1,0,0,0
2/21/2020,11,0,0,,0,0,0,0,0,0,0,0,0,0
2/22/2020,11,0,0,,0,0,0,0,0,0,0,0,0,0
2/23/2020,11,0,0,,0,0,0,0,0,0,0,0,0,0
2/24/2020,11,0,0,,1,1,0,0,2,2,1,0,0,0
2/25/2020,11,0,0,,1,0,0,0,0,0,0,0,0,0
2/26/2020,11,0,0,,1,0,0,0,0,0,0,0,0,0
2/27/2020,11,0,0,,1,0,0,0,0,0,0,0,0,0
2/28/2020,12,1,0,,1,0,0,0,2,2,1,0,0,0
2/29/2020,13,1,0,,1,0,0,1,0,1,0,0,0,0
3/1/2020,15,2,1,,1,0,0,2,2,4,1,0,0,0
3/2/2020,18,3,0,,1,0,0,3,3,6,1,0,0,0
3/3/2020,32,14,1,,2,1,0,14,1,15,1,0,0,0
3/4/2020,51,19,2,,2,0,0,19,3,22,2,0,0,0
3/5/2020,83,32,8,,2,0,0,33,3,36,8,0,0,0
3/6/2020,121,38,14,,2,0,0,42,7,49,14,0,0,0
3/7/2020,205,84,44,,2,0,0,86,14,100,44,0,0,0
3/8/2020,260,55,19,,2,0,0,54,7,61,20,0,0,0
3/9/2020,332,72,5,,2,0,0,76,5,81,7,0,0,0
3/10/2020,436,104,14,,2,0,0,103,6,109,14,0,0,0
3/11/2020,609,173,22,,2,0,0,176,6,182,23,0,0,0
3/12/2020,1026,417,29,,2,0,0,425,7,432,29,0,0,0
3/13/2020,1963,937,61,,2,0,0,971,14,985,64,0,0,0
3/14/2020,2862,899,73,,2,0,0,920,15,935,74,0,0,0
3/15/2020,3889,1027,68,,2,0,0,1057,27,1084,72,0,0,0
3/16/2020,6029,2140,150,,2,0,0,2217,18,2235,152,0,0,0
3/17/2020,8705,2676,249,,2,0,0,2762,28,2790,255,0,0,0
3/18/2020,11684,2979,259,,2,0,0,3070,157,3227,263,0,0,0
3/19/2020,14582,2898,278,,2,0,0,2996,142,3138,286,0,0,0
3/20/2020,18223,3641,388,,2,0,0,3754,124,3878,394,0,0,0
3/21/2020,20753,2530,322,,2,0,0,2604,168,2772,340,0,0,0
3/22/2020,22645,1892,286,,2,0,0,1942,159,2101,298,0,0,0
3/23/2020,26424,3779,609,,2,0,0,3895,202,4097,632,0,0,0
3/24/2020,30409,3985,718,,2,0,0,4112,207,4319,738,0,0,0
3/25/2020,34508,4099,746,,2,0,0,4217,269,4486,792,0,0,0
3/26/2020,38918,4410,936,,2,0,0,4538,299,4837,984,0,0,0
3/27/2020,43277,4359,943,,2,0,0,4474,342,4816,1007,0,0,0
3/28/2020,46076,2799,654,,2,0,0,2870,332,3202,704,0,0,0
3/29/2020,48144,2068,523,,2,0,0,2155,318,2473,576,0,0,0
3/30/2020,53185,5041,1238,,2,0,0,5165,416,5581,1317,0,0,0
3/31/2020,58417,5232,1266,,2,0,0,5460,471,5931,1403,0,0,0
4/1/2020,63338,4921,1338,,2,0,0,5115,463,5578,1424,0,0,0
4/2/2020,68551,5213,1278,,5,3,1,5411,597,6008,1404,0,0,0
4/3/2020,74274,5723,1480,,5,0,0,5938,629,6567,1625,0,0,0
4/4/2020,78247,3973,1163,,9,4,1,4055,690,4745,1322,0,0,0
4/5/2020,81652,3405,977,,9,0,0,3564,540,4104,1078,0,0,0
4/6/2020,88262,6610,1932,,13,4,0,6800,783,7583,2101,0,0,0
4/7/2020,94790,6528,2022,,17,4,0,6656,967,7623,2241,0,0,0
4/8/2020,101558,6768,1864,,19,2,0,6976,983,7959,2107,0,0,0
4/9/2020,107949,6391,1978,,41,22,2,6734,1041,7775,2276,0,0,0
4/10/2020,115509,7560,2054,,42,1,1,7787,1062,8849,2314,0,0,0
4/11/2020,119853,4344,1297,,43,1,0,4493,811,5304,1473,0,0,0
4/12/2020,122866,3013,929,,46,3,2,3089,713,3802,1072,0,0,0
4/13/2020,129140,6274,2017,,54,8,0,6378,1139,7517,2263,0,0,0
4/14/2020,138859,9719,2871,,62,8,2,9850,1498,11348,3214,0,0,0
4/15/2020,148739,9880,2599,,72,10,2,10185,1470,11655,2913,0,0,0
4/16/2020,157597,8858,2387,,93,21,0,8961,1746,10707,2797,0,0,0
4/17/2020,168563,10966,2992,,173,80,5,11345,1781,13126,3324,0,0,0
4/18/2020,174536,5973,1481,,181,8,3,6311,1167,7478,1708,1,1,1
4/19/2020,179102,4566,1089,,191,10,1,4652,943,5595,1267,0,0,1
4/20/2020,189818,10716,2690,,255,64,6,11029,1943,12972,3109,0,0,1
4/21/2020,199215,9397,2188,,331,76,11,9665,2157,11822,2710,0,0,1
4/22/2020,211576,12361,2712,,478,147,17,12662,2737,15399,3230,0,0,1
4/23/2020,222316,10740,2408,,951,473,31,10857,2569,13426,2933,0,0,1
4/24/2020,234635,12319,2283,,1849,898,82,12375,2531,14906,2818,0,0,1
4/25/2020,242814,8179,1496,,2336,487,25,8416,1850,10266,1830,0,0,1
4/26/2020,247679,4865,847,,2791,455,36,4787,1421,6208,1166,0,0,1
4/27/2020,258603,10924,2130,,3933,1142,79,10839,2957,13796,2770,0,0,1
4/28/2020,270827,12224,2107,,5354,1421,83,12266,3012,15278,2767,0,0,1
4/29/2020,283410,12583,2190,,7057,1703,105,12572,2945,15517,2825,0,0,1
4/30/2020,297127,13717,2048,,8435,1378,116,13730,3165,16895,2705,0,0,1
5/1/2020,311162,14035,2084,,10212,1777,130,13978,3312,17290,2732,0,0,1
5/2/2020,318382,7220,1031,,10806,594,57,7301,1896,9197,1412,0,0,1
5/3/2020,323458,5076,735,,11210,404,42,5030,1430,6460,1001,0,1,2
5/4/2020,335432,11974,1881,,13230,2020,162,11839,3606,15445,2710,0,0,2
5/5/2020,348002,12570,1738,,15207,1977,157,12416,3597,16013,2505,0,1,3
5/6/2020,361241,13239,1700,,17185,1978,184,13056,3627,16683,2483,0,0,3
5/7/2020,374665,13424,1683,,19252,2067,173,13402,3689,17091,2469,0,0,3
5/8/2020,387917,13252,1461,,21136,1884,136,13215,3741,16956,2224,0,0,3
5/9/2020,393725,5808,684,,21763,627,38,5707,1981,7688,1025,0,0,3
5/10/2020,396876,3151,386,,22117,354,77,3077,1482,4559,674,0,0,3
5/11/2020,408654,11778,1313,,23958,1841,162,11603,4043,15646,2124,0,0,3
5/12/2020,421907,13253,1456,,25831,1873,148,13059,4301,17360,2270,0,0,3
5/13/2020,435840,13933,1319,,27576,1745,178,13759,4161,17920,2109,1,1,4
5/14/2020,449197,13357,1316,,29207,1631,165,13163,4218,17381,2083,0,0,4
5/15/2020,462990,13793,1107,,30822,1615,141,13609,4206,17815,1852,0,0,4
5/16/2020,470084,7094,650,,31357,535,51,6974,2366,9340,1033,1,1,5
5/17/2020,474375,4291,366,115,31715,358,54,4230,1625,5855,596,3,3,8
5/18/2020,487759,13384,1326,1,33342,1627,137,13177,4439,17616,2144,1,1,9
5/19/2020,500089,12330,1078,0,35046,1704,164,12193,4497,16690,1860,16,82,91
5/20/2020,512905,12816,1020,0,36907,1861,149,12604,4305,16909,1679,12,100,191
5/21/2020,524622,11717,969,0,38613,1706,193,11539,4407,15946,1670,19,282,473
5/22/2020,535654,11032,866,0,40257,1644,158,10863,3950,14813,1504,10,213,686
5/23/2020,540612,4958,390,0,40678,421,41,4896,1816,6712,628,16,197,883
5/24/2020,544705,4093,302,0,40992,314,41,4024,1535,5559,509,15,204,1087
5/25/2020,547809,3104,198,0,41322,330,49,3073,1492,4565,382,20,234,1321
5/26/2020,559023,11214,867,0,42841,1519,130,11072,4365,15437,1542,20,303,1624
5/27/2020,569202,10179,694,0,44279,1438,153,10068,3879,13947,1224,12,233,1857
5/28/2020,578551,9349,645,0,45574,1295,178,9232,3589,12821,1164,8,231,2088
5/29/2020,588786,10235,533,0,46897,1323,138,10121,3527,13648,1022,15,217,2305
5/30/2020,594580,5794,270,0,47161,264,35,5748,1815,7563,463,10,172,2477
5/31/2020,598281,3701,162,0,47350,189,38,3660,1402,5062,298,6,142,2619
6/1/2020,607779,9498,508,0,48501,1151,165,9392,3506,12898,936,6,227,2846
6/2/2020,617229,9450,447,0,49603,1102,88,9359,3718,13077,881,9,223,3069
6/3/2020,626778,9549,462,0,50766,1163,124,9413,3703,13116,870,3,192,3261
6/4/2020,635365,8587,383,0,51837,1071,91,8493,3532,12025,750,2,171,3432
6/5/2020,643869,8504,339,0,53045,1208,150,8432,3092,11524,660,4,186,3618
6/6/2020,648442,4573,149,0,53333,288,33,4559,1707,6266,288,3,149,3767
6/7/2020,651991,3549,151,0,53505,172,24,3510,1467,4977,252,10,141,3908
6/8/2020,662669,10678,355,0,54517,1012,102,10631,3316,13947,677,6,189,4097
6/9/2020,673664,10995,345,0,55684,1167,109,10903,3454,14357,644,10,189,4286
6/10/2020,683921,10257,257,0,56883,1199,137,10219,3217,13436,560,12,243,4529
6/11/2020,694214,10293,229,0,58115,1232,106,10249,2836,13085,505,11,271,4800
6/12/2020,704265,10051,256,0,59356,1241,85,9994,3011,13005,484,9,269,5069
6/13/2020,709074,4809,98,0,59585,229,22,4795,1666,6461,193,7,205,5274
6/14/2020,712782,3708,77,0,59761,176,25,3688,1352,5040,146,6,212,5486
6/15/2020,723517,10735,235,0,60939,1178,114,10690,3441,14131,492,9,461,5947
6/16/2020,733952,10435,200,0,62146,1207,88,10398,3333,13731,391,13,434,6381
6/17/2020,748546,14594,249,0,63372,1226,115,14580,3448,18028,449,23,464,6845
6/18/2020,763335,14789,241,0,64742,1370,90,14751,3237,17988,406,9,403,7248
6/19/2020,772291,8956,176,0,65868,1126,83,8927,2791,11718,314,9,494,7742
6/20/2020,777672,5381,93,0,66139,271,18,5373,1849,7222,162,5,452,8194
6/21/2020,781552,3880,79,0,66284,145,16,3869,1358,5227,120,6,322,8516
6/22/2020,791623,10071,228,0,67390,1106,98,10033,3568,13601,416,8,747,9263
6/23/2020,802110,10487,189,0,68683,1293,129,10471,3603,14074,331,4,647,9910
6/24/2020,812751,10641,211,0,70002,1319,100,10604,3395,13999,343,13,660,10570
6/25/2020,822309,9558,206,0,71204,1202,109,9521,3126,12647,334,9,541,11111
6/26/2020,832517,10208,200,0,72456,1252,106,10209,3028,13237,329,8,765,11876
6/27/2020,838587,6070,134,0,72699,243,19,6051,1810,7861,191,4,667,12543
6/28/2020,843361,4774,69,0,72920,221,19,4782,1620,6402,120,4,575,13118
6/29/2020,855538,12177,201,0,74050,1130,100,12166,3963,16129,314,11,926,14044
6/30/2020,867947,12409,220,0,75277,1227,111,12356,3800,16156,345,9,1071,15115
7/1/2020,878912,10965,218,0,76376,1099,103,10952,3663,14615,318,12,1029,16144
7/2/2020,889225,10313,224,0,77491,1115,120,10306,3655,13961,344,15,1013,17157
7/3/2020,895306,6081,98,0,77919,428,61,6075,2334,8409,163,11,1147,18304
7/4/2020,898270,2964,61,0,78036,117,9,2956,1322,4278,107,14,521,18825
7/5/2020,903074,4804,100,0,78157,121,23,4786,1861,6647,135,20,668,19493
7/6/2020,915620,12546,239,0,79079,922,94,12514,4477,16991,349,20,1100,20593
7/7/2020,930539,14919,241,0,80152,1073,117,14884,4858,19742,325,21,1124,21717
7/8/2020,944857,14318,214,0,81095,943,89,14295,5217,19512,300,20,1281,22998
7/9/2020,957694,12837,253,0,82064,969,116,12789,4953,17742,353,19,1210,24208
7/10/2020,970902,13208,230,0,83213,1149,143,13192,5075,18267,328,9,1266,25474
7/11/2020,978444,7542,116,0,83501,288,34,7532,2686,10218,151,20,1158,26632
7/12/2020,983604,5160,89,0,83685,184,32,5147,1893,7040,108,36,944,27576
7/13/2020,998475,14871,267,0,84742,1057,116,14814,5305,20119,376,4,340,27916
7/14/2020,1013816,15341,233,0,85727,985,92,15319,5893,21212,314,25,1296,29212
7/15/2020,1029643,15827,300,0,86661,934,104,15802,5817,21619,381,5,358,29570
7/16/2020,1043174,13531,245,0,87593,932,108,13470,5212,18682,319,33,1351,30921
7/17/2020,1056349,13175,225,0,88571,978,142,13131,5173,18304,299,4,315,31236
7/18/2020,1064539,8190,129,0,88856,285,62,8170,2864,11034,169,25,1038,32274
7/19/2020,1070390,5851,74,0,88975,119,24,5850,2060,7910,110,18,825,33099
7/20/2020,1084053,13663,280,0,89893,918,76,13609,4814,18423,356,34,1261,34360
7/21/2020,1098636,14583,261,0,90926,1033,113,14561,5291,19852,338,36,1343,35703
7/22/2020,1112197,13561,260,0,91905,979,119,13522,5143,18665,329,51,1556,37259
7/23/2020,1126638,14441,259,0,92798,893,148,14392,6338,20730,347,28,1506,38765
7/24/2020,1139848,13210,259,0,93583,785,109,13174,5058,18232,330,32,1371,40136
7/25/2020,1148325,8477,160,0,93716,133,6,8461,3311,11772,197,49,1242,41378
7/26/2020,1153717,5392,102,0,93810,94,7,5364,2195,7559,126,29,1028,42406
7/27/2020,1170199,16482,363,0,94774,964,147,16374,6146,22520,433,37,1343,43749
7/28/2020,1188779,18580,320,0,95654,880,118,18497,8047,26544,397,41,1366,45115
7/29/2020,1205240,16461,315,0,96533,879,125,16375,6842,23217,382,22,1542,46657
7/30/2020,1221783,16543,340,0,97355,822,100,16444,7213,23657,421,41,1444,48101
7/31/2020,1237240,15457,322,0,98067,712,112,15404,6616,22020,396,6,349,48450
8/1/2020,1245375,8135,148,0,98256,189,35,8110,3134,11244,187,10,280,48730
8/2/2020,1251319,5944,112,0,98400,144,43,5926,2412,8338,135,27,1246,49976
8/3/2020,1270772,19453,362,0,99110,710,99,19368,8026,27394,425,19,1633,51609
8/4/2020,1287788,17016,308,0,99986,876,123,16945,8060,25005,390,20,1512,53121
8/5/2020,1305887,18099,334,0,100682,696,88,18035,7918,25953,408,36,1712,54833
8/6/2020,1322607,16720,360,0,101366,684,82,16641,7372,24013,444,27,1638,56471
8/7/2020,1339340,16733,303,0,102062,696,96,16656,6694,23350,361,17,1680,58151
8/8/2020,1349096,9756,168,0,102173,111,8,9727,3602,13329,217,20,1387,59538
8/9/2020,1355564,6468,86,0,102239,66,5,6451,2801,9252,105,13,1150,60688
8/10/2020,1376323,20759,366,0,102918,679,104,20659,9068,29727,454,31,1702,62390
8/11/2020,1394928,18605,266,0,103616,698,107,18536,9077,27613,331,12,535,62925
8/12/2020,1412175,17247,257,0,104244,628,103,17178,8247,25425,324,25,1703,64628
8/13/2020,1423793,11618,196,0,104692,448,28,11580,6162,17742,253,21,1637,66265
8/14/2020,1425685,1892,39,0,104872,180,12,1884,1347,3231,50,1,248,66513
8/15/2020,1425699,14,1,0,104872,0,0,14,13,27,1,0,0,66513
