Date,Molecular Total,Molecular New,Molecular Positive New,Molecular Missing,Serology Total,Serology New,Serology Positive New,First Molecular Test per person,Repeat Molecular Tests,All Molecular Tests,All Positive Molecular Tests,Antigen Positive New,Antigen New,Antigen Total
1/22/2020,1,1,0,,0,0,0,1,0,1,0,0,0,0
1/23/2020,2,1,0,,0,0,0,1,0,1,0,0,0,0
1/24/2020,2,0,0,,0,0,0,0,0,0,0,0,0,0
1/25/2020,2,0,0,,0,0,0,0,0,0,0,0,0,0
1/26/2020,2,0,0,,0,0,0,0,0,0,0,0,0,0
1/27/2020,3,1,0,,0,0,0,1,0,1,0,0,0,0
1/28/2020,3,0,0,,0,0,0,0,0,0,0,0,0,0
1/29/2020,4,1,1,,0,0,0,1,0,1,1,0,0,0
1/30/2020,4,0,0,,0,0,0,0,0,0,0,0,0,0
1/31/2020,4,0,0,,0,0,0,0,0,0,0,0,0,0
2/1/2020,4,0,0,,0,0,0,0,0,0,0,0,0,0
2/2/2020,4,0,0,,0,0,0,0,0,0,0,0,0,0
2/3/2020,7,3,0,,0,0,0,3,0,3,0,0,0,0
2/4/2020,9,2,0,,0,0,0,2,0,2,0,0,0,0
2/5/2020,9,0,0,,0,0,0,0,0,0,0,0,0,0
2/6/2020,10,1,1,,0,0,0,1,0,1,1,0,0,0
2/7/2020,10,0,0,,0,0,0,0,0,0,0,0,0,0
2/8/2020,11,1,0,,0,0,0,1,0,1,0,0,0,0
2/9/2020,11,0,0,,0,0,0,0,0,0,0,0,0,0
2/10/2020,11,0,0,,0,0,0,0,1,1,1,0,0,0
2/11/2020,11,0,0,,0,0,0,0,0,0,0,0,0,0
2/12/2020,11,0,0,,0,0,0,1,0,1,0,0,0,0
2/13/2020,11,0,0,,0,0,0,0,0,0,0,0,0,0
2/14/2020,11,0,0,,0,0,0,0,0,0,0,0,0,0
2/15/2020,11,0,0,,0,0,0,0,0,0,0,0,0,0
2/16/2020,11,0,0,,0,0,0,0,0,0,0,0,0,0
2/17/2020,11,0,0,,0,0,0,0,0,0,0,0,0,0
2/18/2020,11,0,0,,0,0,0,0,0,0,0,0,0,0
2/19/2020,11,0,0,,0,0,0,0,0,0,0,0,0,0
2/20/2020,11,0,0,,0,0,0,0,1,1,1,0,0,0
2/21/2020,11,0,0,,0,0,0,0,0,0,0,0,0,0
2/22/2020,11,0,0,,0,0,0,0,0,0,0,0,0,0
2/23/2020,11,0,0,,0,0,0,0,0,0,0,0,0,0
2/24/2020,11,0,0,,1,1,0,0,2,2,1,0,0,0
2/25/2020,11,0,0,,1,0,0,0,0,0,0,0,0,0
2/26/2020,11,0,0,,1,0,0,0,0,0,0,0,0,0
2/27/2020,11,0,0,,1,0,0,0,0,0,0,0,0,0
2/28/2020,12,1,0,,1,0,0,0,2,2,1,0,0,0
2/29/2020,13,1,0,,1,0,0,1,0,1,0,0,0,0
3/1/2020,15,2,1,,1,0,0,2,2,4,1,0,0,0
3/2/2020,18,3,0,,1,0,0,3,3,6,1,0,0,0
3/3/2020,32,14,1,,2,1,0,14,1,15,1,0,0,0
3/4/2020,51,19,2,,2,0,0,19,3,22,2,0,0,0
3/5/2020,83,32,8,,2,0,0,33,3,36,8,0,0,0
3/6/2020,121,38,14,,2,0,0,42,7,49,14,0,0,0
3/7/2020,205,84,44,,2,0,0,86,14,100,44,0,0,0
3/8/2020,260,55,19,,2,0,0,54,7,61,20,0,0,0
3/9/2020,332,72,5,,2,0,0,76,5,81,7,0,0,0
3/10/2020,436,104,14,,2,0,0,103,6,109,14,0,0,0
3/11/2020,609,173,22,,2,0,0,176,6,182,23,0,0,0
3/12/2020,1026,417,29,,2,0,0,425,7,432,29,0,0,0
3/13/2020,1963,937,61,,2,0,0,971,14,985,64,0,0,0
3/14/2020,2862,899,73,,2,0,0,920,15,935,74,0,0,0
3/15/2020,3889,1027,68,,2,0,0,1057,27,1084,72,0,0,0
3/16/2020,6029,2140,150,,2,0,0,2217,18,2235,152,0,0,0
3/17/2020,8706,2677,249,,2,0,0,2762,28,2790,255,0,0,0
3/18/2020,11684,2978,259,,2,0,0,3069,157,3226,263,0,0,0
3/19/2020,14582,2898,278,,2,0,0,2996,142,3138,286,0,0,0
3/20/2020,18223,3641,388,,2,0,0,3754,124,3878,394,0,0,0
3/21/2020,20752,2529,321,,2,0,0,2603,168,2771,339,0,0,0
3/22/2020,22646,1894,286,,2,0,0,1943,159,2102,298,0,0,0
3/23/2020,26425,3779,609,,2,0,0,3895,202,4097,632,0,0,0
3/24/2020,30410,3985,718,,2,0,0,4112,207,4319,738,0,0,0
3/25/2020,34510,4100,746,,2,0,0,4217,269,4486,792,0,0,0
3/26/2020,38920,4410,936,,2,0,0,4538,299,4837,984,0,0,0
3/27/2020,43279,4359,943,,2,0,0,4473,342,4815,1007,0,0,0
3/28/2020,46078,2799,654,,2,0,0,2870,332,3202,704,0,0,0
3/29/2020,48146,2068,523,,2,0,0,2155,318,2473,576,0,0,0
3/30/2020,53187,5041,1238,,2,0,0,5165,416,5581,1317,0,0,0
3/31/2020,58420,5233,1266,,2,0,0,5461,471,5932,1403,0,0,0
4/1/2020,63340,4920,1337,,2,0,0,5114,463,5577,1423,0,0,0
4/2/2020,68554,5214,1278,,5,3,1,5411,597,6008,1404,0,0,0
4/3/2020,74277,5723,1480,,5,0,0,5938,629,6567,1625,0,0,0
4/4/2020,78250,3973,1163,,9,4,1,4055,690,4745,1322,0,0,0
4/5/2020,81655,3405,977,,9,0,0,3564,539,4103,1077,0,0,0
4/6/2020,88264,6609,1932,,13,4,0,6800,783,7583,2101,0,0,0
4/7/2020,94792,6528,2022,,17,4,0,6656,967,7623,2241,0,0,0
4/8/2020,101559,6767,1864,,19,2,0,6976,983,7959,2107,0,0,0
4/9/2020,107950,6391,1978,,41,22,2,6735,1041,7776,2276,0,0,0
4/10/2020,115510,7560,2054,,42,1,1,7787,1062,8849,2314,0,0,0
4/11/2020,119855,4345,1297,,43,1,0,4494,811,5305,1473,0,0,0
4/12/2020,122868,3013,929,,46,3,2,3089,713,3802,1072,0,0,0
4/13/2020,129147,6279,2017,,54,8,0,6380,1138,7518,2263,0,0,0
4/14/2020,138865,9718,2871,,62,8,2,9850,1498,11348,3214,0,0,0
4/15/2020,148744,9879,2599,,72,10,2,10185,1470,11655,2913,0,0,0
4/16/2020,157603,8859,2387,,93,21,0,8961,1746,10707,2797,0,0,0
4/17/2020,168570,10967,2992,,173,80,5,11345,1781,13126,3324,0,0,0
4/18/2020,174545,5975,1480,,181,8,3,6311,1167,7478,1708,1,1,1
4/19/2020,179111,4566,1089,,191,10,1,4652,943,5595,1267,0,0,1
4/20/2020,189830,10719,2690,,255,64,6,11029,1943,12972,3109,0,0,1
4/21/2020,199238,9408,2190,,331,76,11,9680,2145,11825,2711,0,0,1
4/22/2020,211614,12376,2714,,478,147,17,12676,2723,15399,3230,0,0,1
4/23/2020,222357,10743,2408,,951,473,31,10859,2568,13427,2933,0,0,1
4/24/2020,234679,12322,2283,,1849,898,82,12375,2531,14906,2818,0,0,1
4/25/2020,242853,8174,1496,,2336,487,25,8416,1850,10266,1830,0,0,1
4/26/2020,247718,4865,847,,2791,455,36,4787,1421,6208,1166,0,0,1
4/27/2020,258645,10927,2130,,3933,1142,79,10839,2957,13796,2770,0,0,1
4/28/2020,270870,12225,2107,,5354,1421,83,12267,3011,15278,2767,0,0,1
4/29/2020,283440,12570,2190,,7057,1703,105,12572,2945,15517,2825,0,0,1
4/30/2020,297158,13718,2048,,8435,1378,116,13732,3163,16895,2705,0,0,1
5/1/2020,311200,14042,2084,,10212,1777,130,13982,3311,17293,2732,0,0,1
5/2/2020,318418,7218,1031,,10806,594,57,7301,1896,9197,1412,0,0,1
5/3/2020,323497,5079,735,,11210,404,42,5032,1430,6462,1001,0,1,2
5/4/2020,335471,11974,1881,,13230,2020,162,11839,3606,15445,2710,0,0,2
5/5/2020,348041,12570,1738,,15207,1977,157,12417,3596,16013,2505,0,1,3
5/6/2020,361283,13242,1700,,17186,1979,184,13058,3627,16685,2483,0,0,3
5/7/2020,374708,13425,1683,,19253,2067,173,13404,3689,17093,2469,0,0,3
5/8/2020,387962,13254,1461,,21137,1884,136,13217,3739,16956,2224,0,0,3
5/9/2020,393771,5809,684,,21764,627,38,5707,1981,7688,1025,0,0,3
5/10/2020,396922,3151,386,,22118,354,77,3077,1482,4559,674,0,0,3
5/11/2020,408701,11779,1313,,23959,1841,162,11603,4042,15645,2124,0,0,3
5/12/2020,421952,13251,1456,,25832,1873,148,13060,4299,17359,2270,0,0,3
5/13/2020,435891,13939,1319,,27577,1745,178,13765,4159,17924,2109,0,1,4
5/14/2020,449244,13353,1316,,29208,1631,165,13165,4212,17377,2083,0,0,4
5/15/2020,463037,13793,1107,,30823,1615,141,13610,4205,17815,1852,0,0,4
5/16/2020,470129,7092,650,,31357,534,51,6974,2366,9340,1033,1,1,5
5/17/2020,474416,4287,366,115,31715,358,54,4230,1625,5855,596,3,3,8
5/18/2020,487797,13381,1326,1,33342,1627,137,13178,4438,17616,2144,1,1,9
5/19/2020,500132,12335,1078,0,35046,1704,164,12194,4496,16690,1860,16,82,91
5/20/2020,512950,12818,1020,0,36907,1861,149,12606,4304,16910,1679,12,100,191
5/21/2020,524670,11720,969,0,38613,1706,193,11540,4406,15946,1670,19,282,473
5/22/2020,535703,11033,866,0,40257,1644,158,10863,3950,14813,1504,10,209,682
5/23/2020,540662,4959,390,0,40678,421,41,4896,1816,6712,628,16,197,879
5/24/2020,544755,4093,302,0,40992,314,41,4024,1535,5559,509,15,204,1083
5/25/2020,547859,3104,198,0,41322,330,49,3073,1493,4566,382,20,234,1317
5/26/2020,559075,11216,867,0,42841,1519,130,11073,4364,15437,1542,20,298,1615
5/27/2020,569259,10184,694,0,44279,1438,153,10069,3878,13947,1224,12,232,1847
5/28/2020,578612,9353,645,0,45573,1294,178,9233,3588,12821,1164,8,224,2071
5/29/2020,588850,10238,533,0,46897,1324,138,10122,3526,13648,1022,15,213,2284
5/30/2020,594644,5794,270,0,47161,264,35,5748,1815,7563,463,10,167,2451
5/31/2020,598345,3701,162,0,47350,189,38,3660,1402,5062,298,6,142,2593
6/1/2020,607843,9498,508,0,48501,1151,165,9391,3506,12897,936,6,224,2817
6/2/2020,617296,9453,447,0,49603,1102,88,9361,3716,13077,881,9,222,3039
6/3/2020,626849,9553,462,0,50766,1163,124,9414,3702,13116,870,3,189,3228
6/4/2020,635439,8590,383,0,51837,1071,91,8494,3531,12025,750,2,171,3399
6/5/2020,643945,8506,339,0,53045,1208,150,8434,3090,11524,660,4,183,3582
6/6/2020,648517,4572,149,0,53333,288,33,4558,1707,6265,288,3,148,3730
6/7/2020,652067,3550,151,0,53505,172,24,3510,1466,4976,252,10,140,3870
6/8/2020,662744,10677,355,0,54517,1012,102,10630,3316,13946,677,6,188,4058
6/9/2020,673740,10996,345,0,55684,1167,109,10903,3453,14356,644,10,184,4242
6/10/2020,684000,10260,257,0,56884,1200,137,10219,3217,13436,560,12,241,4483
6/11/2020,694295,10295,229,0,58116,1232,106,10249,2835,13084,505,10,267,4750
6/12/2020,704347,10052,256,0,59357,1241,85,9995,3011,13006,484,9,267,5017
6/13/2020,709135,4788,98,0,59586,229,22,4774,1661,6435,193,7,204,5221
6/14/2020,712843,3708,77,0,59762,176,25,3688,1352,5040,146,6,212,5433
6/15/2020,723583,10740,235,0,60940,1178,114,10694,3436,14130,492,9,459,5892
6/16/2020,734017,10434,200,0,62147,1207,88,10394,3333,13727,391,13,431,6323
6/17/2020,748550,14533,248,0,63373,1226,115,14514,3443,17957,448,23,462,6785
6/18/2020,763104,14554,241,0,64743,1370,90,14515,3208,17723,406,9,397,7182
6/19/2020,772056,8952,176,0,65869,1126,83,8922,2789,11711,314,9,491,7673
6/20/2020,777438,5382,93,0,66140,271,18,5373,1849,7222,162,5,450,8123
6/21/2020,781318,3880,79,0,66285,145,16,3869,1358,5227,120,6,322,8445
6/22/2020,791383,10065,228,0,67391,1106,98,10027,3566,13593,416,8,746,9191
6/23/2020,801867,10484,190,0,68684,1293,129,10468,3600,14068,331,4,647,9838
6/24/2020,812510,10643,211,0,70004,1320,100,10604,3395,13999,343,13,655,10493
6/25/2020,822067,9557,206,0,71206,1202,109,9520,3126,12646,334,9,539,11032
6/26/2020,832277,10210,200,0,72458,1252,106,10207,3027,13234,329,8,759,11791
6/27/2020,838323,6046,134,0,72701,243,19,6027,1809,7836,191,4,665,12456
6/28/2020,842963,4640,70,0,72922,221,19,4646,1602,6248,120,4,573,13029
6/29/2020,855132,12169,201,0,74052,1130,100,12159,3958,16117,314,11,915,13944
6/30/2020,867515,12383,220,0,75279,1227,111,12330,3795,16125,345,9,1062,15006
7/1/2020,878481,10966,218,0,76378,1099,103,10953,3661,14614,318,12,1021,16027
7/2/2020,888789,10308,223,0,77494,1116,120,10301,3650,13951,343,15,1005,17032
7/3/2020,894822,6033,98,0,77922,428,61,6027,2318,8345,163,11,1142,18174
7/4/2020,897787,2965,61,0,78039,117,9,2957,1320,4277,107,14,521,18695
7/5/2020,902591,4804,100,0,78160,121,23,4786,1860,6646,135,20,667,19362
7/6/2020,915129,12538,239,0,79083,923,94,12504,4477,16981,349,20,1098,20460
7/7/2020,930029,14900,241,0,80156,1073,117,14863,4855,19718,325,21,1120,21580
7/8/2020,944381,14352,215,0,81099,943,89,14330,5183,19513,301,20,1274,22854
7/9/2020,957217,12836,253,0,82068,969,116,12790,4950,17740,353,19,1199,24053
7/10/2020,970427,13210,230,0,83219,1151,143,13195,5067,18262,328,9,1263,25316
7/11/2020,977971,7544,116,0,83507,288,34,7532,2685,10217,151,20,1158,26474
7/12/2020,983134,5163,89,0,83691,184,32,5150,1891,7041,108,36,944,27418
7/13/2020,997980,14846,266,0,84747,1056,116,14789,5258,20047,375,4,340,27758
7/14/2020,1013122,15142,233,0,85732,985,92,15120,5787,20907,314,25,1296,29054
7/15/2020,1028426,15304,300,0,86666,934,104,15277,5698,20975,381,5,358,29412
7/16/2020,1041480,13054,245,0,87598,932,108,12989,5088,18077,318,33,1351,30763
7/17/2020,1054650,13170,224,0,88576,978,142,13125,5159,18284,298,4,315,31078
7/18/2020,1062822,8172,129,0,88861,285,62,8151,2846,10997,169,25,1038,32116
7/19/2020,1068495,5673,72,0,88980,119,24,5669,2033,7702,108,18,825,32941
7/20/2020,1081845,13350,284,0,89898,918,76,13292,4737,18029,360,34,1261,34202
7/21/2020,1096442,14597,261,0,90931,1033,113,14571,5272,19843,338,36,1343,35545
7/22/2020,1109977,13535,259,0,91909,978,119,13495,5110,18605,328,51,1556,37101
7/23/2020,1124235,14258,259,0,92803,894,149,14213,6284,20497,347,28,1506,38607
7/24/2020,1137315,13080,259,0,93588,785,109,13045,5005,18050,330,32,1371,39978
7/25/2020,1145668,8353,160,0,93721,133,6,8337,3274,11611,197,49,1242,41220
7/26/2020,1151021,5353,102,0,93815,94,7,5325,2170,7495,126,29,1028,42248
7/27/2020,1167445,16424,362,0,94779,964,147,16318,6096,22414,432,33,1332,43580
7/28/2020,1185788,18343,320,0,95659,880,118,18254,7954,26208,397,41,1367,44947
7/29/2020,1201995,16207,318,0,96539,880,126,16119,6776,22895,385,22,1542,46489
7/30/2020,1218143,16148,447,0,97361,822,100,15966,7060,23026,530,41,1444,47933
7/31/2020,1233463,15320,342,0,98073,712,112,15254,6557,21811,451,6,349,48282
8/1/2020,1241571,8108,148,0,98262,189,35,8083,3056,11139,187,9,279,48561
8/2/2020,1247423,5852,113,0,98406,144,43,5832,2384,8216,136,27,1246,49807
8/3/2020,1266832,19409,363,0,99118,712,99,19323,7970,27293,425,19,1634,51441
8/4/2020,1283701,16869,307,0,99993,875,123,16800,7970,24770,389,20,1513,52954
8/5/2020,1301726,18025,335,0,100669,676,88,17951,7883,25834,408,36,1712,54666
8/6/2020,1318292,16566,355,0,101352,683,82,16486,7268,23754,438,27,1638,56304
8/7/2020,1334736,16444,298,0,102001,649,94,16363,6614,22977,355,19,1675,57979
8/8/2020,1344251,9515,164,0,102111,110,8,9484,3553,13037,212,23,1390,59369
8/9/2020,1350397,6146,75,0,102176,65,5,6131,2668,8799,92,13,1151,60520
8/10/2020,1368059,17662,289,0,102825,649,86,17585,7898,25483,358,31,1680,62200
8/11/2020,1379037,10978,121,0,103373,548,47,10940,6061,17001,161,10,510,62710
8/12/2020,1381159,2122,30,0,103572,199,25,2113,1244,3357,43,6,437,63147
8/13/2020,1381178,19,0,0,103573,1,0,19,17,36,1,0,18,63165
