Date,Positive Total,Positive New,Probable Total,Probable New
1/29/2020,1,1,0,0
1/30/2020,1,0,0,0
1/31/2020,1,0,0,0
2/1/2020,1,0,0,0
2/2/2020,1,0,0,0
2/3/2020,1,0,0,0
2/4/2020,1,0,0,0
2/5/2020,1,0,0,0
2/6/2020,2,1,0,0
2/7/2020,2,0,0,0
2/8/2020,2,0,0,0
2/9/2020,2,0,0,0
2/10/2020,2,0,0,0
2/11/2020,2,0,0,0
2/12/2020,2,0,0,0
2/13/2020,2,0,0,0
2/14/2020,2,0,0,0
2/15/2020,2,0,0,0
2/16/2020,2,0,0,0
2/17/2020,2,0,0,0
2/18/2020,2,0,0,0
2/19/2020,2,0,0,0
2/20/2020,2,0,0,0
2/21/2020,2,0,0,0
2/22/2020,2,0,0,0
2/23/2020,2,0,0,0
2/24/2020,2,0,0,0
2/25/2020,2,0,0,0
2/26/2020,2,0,0,0
2/27/2020,2,0,0,0
2/28/2020,2,0,0,0
2/29/2020,2,0,0,0
3/1/2020,3,1,3,3
3/2/2020,3,0,5,2
3/3/2020,4,1,8,3
3/4/2020,6,2,9,1
3/5/2020,14,8,12,3
3/6/2020,28,14,12,0
3/7/2020,72,44,15,3
3/8/2020,91,19,20,5
3/9/2020,96,5,24,4
3/10/2020,110,14,30,6
3/11/2020,132,22,35,5
3/12/2020,161,29,39,4
3/13/2020,222,61,45,6
3/14/2020,295,73,49,4
3/15/2020,363,68,55,6
3/16/2020,513,150,58,3
3/17/2020,762,249,66,8
3/18/2020,1021,259,73,7
3/19/2020,1299,278,79,6
3/20/2020,1687,388,90,11
3/21/2020,2008,321,100,10
3/22/2020,2294,286,104,4
3/23/2020,2903,609,115,11
3/24/2020,3621,718,126,11
3/25/2020,4367,746,137,11
3/26/2020,5303,936,142,5
3/27/2020,6246,943,149,7
3/28/2020,6900,654,157,8
3/29/2020,7423,523,163,6
3/30/2020,8661,1238,165,2
3/31/2020,9927,1266,170,5
4/1/2020,11264,1337,175,5
4/2/2020,12542,1278,181,6
4/3/2020,14022,1480,189,8
4/4/2020,15185,1163,196,7
4/5/2020,16162,977,205,9
4/6/2020,18094,1932,210,5
4/7/2020,20116,2022,220,10
4/8/2020,21980,1864,229,9
4/9/2020,23958,1978,240,11
4/10/2020,26012,2054,248,8
4/11/2020,27309,1297,256,8
4/12/2020,28238,929,269,13
4/13/2020,30255,2017,275,6
4/14/2020,33126,2871,280,5
4/15/2020,35725,2599,294,14
4/16/2020,38112,2387,302,8
4/17/2020,41104,2992,320,18
4/18/2020,42585,1481,328,8
4/19/2020,43674,1089,332,4
4/20/2020,46366,2692,345,13
4/21/2020,48556,2190,363,18
4/22/2020,51271,2715,393,30
4/23/2020,53679,2408,419,26
4/24/2020,55962,2283,484,65
4/25/2020,57458,1496,506,22
4/26/2020,58305,847,536,30
4/27/2020,60435,2130,607,71
4/28/2020,62542,2107,670,63
4/29/2020,64732,2190,753,83
4/30/2020,66780,2048,854,101
5/1/2020,68864,2084,950,96
5/2/2020,69895,1031,1008,58
5/3/2020,70630,735,1041,33
5/4/2020,72511,1881,1177,136
5/5/2020,74249,1738,1305,128
5/6/2020,75949,1700,1446,141
5/7/2020,77632,1683,1568,122
5/8/2020,79093,1461,1662,94
5/9/2020,79777,684,1694,32
5/10/2020,80163,386,1756,62
5/11/2020,81476,1313,1867,111
5/12/2020,82932,1456,1987,120
5/13/2020,84251,1319,2118,131
5/14/2020,85567,1316,2245,127
5/15/2020,86674,1107,2340,95
5/16/2020,87324,650,2381,41
5/17/2020,87690,366,2428,47
5/18/2020,89016,1326,2529,101
5/19/2020,90094,1078,2649,120
5/20/2020,91114,1020,2755,106
5/21/2020,92083,969,2895,140
5/22/2020,92949,866,3005,110
5/23/2020,93339,390,3044,39
5/24/2020,93640,301,3083,39
5/25/2020,93838,198,3140,57
5/26/2020,94705,867,3240,100
5/27/2020,95399,694,3348,108
5/28/2020,96045,646,3467,119
5/29/2020,96578,533,3560,93
5/30/2020,96848,270,3597,37
5/31/2020,97010,162,3631,34
6/1/2020,97518,508,3696,65
6/2/2020,97965,447,3747,51
6/3/2020,98427,462,3818,71
6/4/2020,98810,383,3870,52
6/5/2020,99149,339,3963,93
6/6/2020,99298,149,3995,32
6/7/2020,99449,151,4015,20
6/8/2020,99804,355,4087,72
6/9/2020,100148,344,4167,80
6/10/2020,100405,257,4271,104
6/11/2020,100634,229,4348,77
6/12/2020,100890,256,4400,52
6/13/2020,100988,98,4420,20
6/14/2020,101065,77,4447,27
6/15/2020,101300,235,4523,76
6/16/2020,101500,200,4584,61
6/17/2020,101748,248,4672,88
6/18/2020,101989,241,4742,70
6/19/2020,102165,176,4800,58
6/20/2020,102258,93,4820,20
6/21/2020,102337,79,4835,15
6/22/2020,102565,228,4903,68
6/23/2020,102755,190,4990,87
6/24/2020,102966,211,5060,70
6/25/2020,103172,206,5141,81
6/26/2020,103372,200,5219,78
6/27/2020,103506,134,5240,21
6/28/2020,103576,70,5262,22
6/29/2020,103777,201,5331,69
6/30/2020,103997,220,5428,97
7/1/2020,104215,218,5537,109
7/2/2020,104438,223,5637,100
7/3/2020,104535,97,5696,59
7/4/2020,104596,61,5709,13
7/5/2020,104696,100,5744,35
7/6/2020,104935,239,5810,66
7/7/2020,105176,241,5912,102
7/8/2020,105391,215,5991,79
7/9/2020,105644,253,6084,93
7/10/2020,105874,230,6218,134
7/11/2020,105990,116,6260,42
7/12/2020,106079,89,6301,41
7/13/2020,106345,266,6412,111
7/14/2020,106578,233,6486,74
7/15/2020,106878,300,6579,93
7/16/2020,107123,245,6670,91
7/17/2020,107347,224,6787,117
7/18/2020,107476,129,6858,71
7/19/2020,107548,72,6905,47
7/20/2020,107832,284,6977,72
7/21/2020,108094,262,7096,119
7/22/2020,108353,259,7205,109
7/23/2020,108611,258,7372,167
7/24/2020,108869,258,7477,105
7/25/2020,109029,160,7503,26
7/26/2020,109131,102,7545,42
7/27/2020,109493,362,7700,155
7/28/2020,109813,320,7808,108
7/29/2020,110135,322,7918,110
7/30/2020,110581,446,8014,96
7/31/2020,110921,340,8145,131
8/1/2020,111070,149,8185,40
8/2/2020,111183,113,8232,47
8/3/2020,111542,359,8341,109
8/4/2020,111842,300,8462,121
8/5/2020,112169,327,8541,79
8/6/2020,112483,314,8619,78
8/7/2020,112742,259,8697,78
8/8/2020,112873,131,8705,8
8/9/2020,112909,36,8726,21
8/10/2020,112969,60,8738,12
8/11/2020,112969,0,8738,0
