Date,Molecular Total,Molecular New,Molecular Positive New,Molecular Missing,Serology Total,Serology New,Serology Positive New,First Molecular Test per person,Repeat Molecular Tests
1/22/2020,1,1,0,,0,0,0,1,0
1/23/2020,2,1,0,,0,0,0,1,0
1/24/2020,2,0,0,,0,0,0,0,0
1/25/2020,2,0,0,,0,0,0,0,0
1/26/2020,2,0,0,,0,0,0,0,0
1/27/2020,3,1,0,,0,0,0,1,0
1/28/2020,3,0,0,,0,0,0,0,0
1/29/2020,4,1,1,,0,0,0,1,0
1/30/2020,4,0,0,,0,0,0,0,0
1/31/2020,4,0,0,,0,0,0,0,0
2/1/2020,4,0,0,,0,0,0,0,0
2/2/2020,4,0,0,,0,0,0,0,0
2/3/2020,7,3,0,,0,0,0,3,0
2/4/2020,9,2,0,,0,0,0,2,0
2/5/2020,9,0,0,,0,0,0,0,0
2/6/2020,10,1,1,,0,0,0,1,0
2/7/2020,10,0,0,,0,0,0,0,0
2/8/2020,11,1,0,,0,0,0,1,0
2/9/2020,11,0,0,,0,0,0,0,0
2/10/2020,11,0,0,,0,0,0,0,1
2/11/2020,11,0,0,,0,0,0,0,0
2/12/2020,11,0,0,,0,0,0,1,0
2/13/2020,11,0,0,,0,0,0,0,0
2/14/2020,11,0,0,,0,0,0,0,0
2/15/2020,11,0,0,,0,0,0,0,0
2/16/2020,11,0,0,,0,0,0,0,0
2/17/2020,11,0,0,,0,0,0,0,0
2/18/2020,11,0,0,,0,0,0,0,0
2/19/2020,11,0,0,,0,0,0,0,0
2/20/2020,11,0,0,,0,0,0,0,1
2/21/2020,11,0,0,,0,0,0,0,0
2/22/2020,11,0,0,,0,0,0,0,0
2/23/2020,11,0,0,,0,0,0,0,0
2/24/2020,11,0,0,,1,1,0,0,2
2/25/2020,11,0,0,,1,0,0,0,0
2/26/2020,11,0,0,,1,0,0,0,0
2/27/2020,11,0,0,,1,0,0,0,0
2/28/2020,12,1,0,,1,0,0,0,2
2/29/2020,13,1,0,,1,0,0,1,0
3/1/2020,15,2,1,,1,0,0,2,2
3/2/2020,18,3,0,,1,0,0,3,3
3/3/2020,32,14,1,,2,1,0,14,1
3/4/2020,51,19,2,,2,0,0,19,3
3/5/2020,83,32,8,,2,0,0,33,3
3/6/2020,121,38,14,,2,0,0,42,7
3/7/2020,205,84,44,,2,0,0,86,14
3/8/2020,260,55,19,,2,0,0,54,7
3/9/2020,332,72,5,,2,0,0,76,5
3/10/2020,436,104,14,,2,0,0,103,6
3/11/2020,609,173,22,,2,0,0,176,6
3/12/2020,1026,417,29,,2,0,0,425,7
3/13/2020,1963,937,61,,2,0,0,971,14
3/14/2020,2862,899,73,,2,0,0,920,15
3/15/2020,3889,1027,68,,2,0,0,1057,27
3/16/2020,6029,2140,150,,2,0,0,2217,18
3/17/2020,8706,2677,249,,2,0,0,2762,28
3/18/2020,11684,2978,259,,2,0,0,3069,157
3/19/2020,14582,2898,278,,2,0,0,2996,142
3/20/2020,18220,3638,388,,2,0,0,3751,124
3/21/2020,20749,2529,321,,2,0,0,2603,168
3/22/2020,22643,1894,286,,2,0,0,1943,159
3/23/2020,26424,3781,609,,2,0,0,3895,202
3/24/2020,30410,3986,718,,2,0,0,4112,207
3/25/2020,34508,4098,746,,2,0,0,4215,269
3/26/2020,38917,4409,936,,2,0,0,4537,299
3/27/2020,43277,4360,943,,2,0,0,4473,342
3/28/2020,46076,2799,654,,2,0,0,2870,332
3/29/2020,48144,2068,523,,2,0,0,2155,318
3/30/2020,53185,5041,1238,,2,0,0,5165,416
3/31/2020,58419,5234,1266,,2,0,0,5459,471
4/1/2020,63339,4920,1337,,2,0,0,5113,463
4/2/2020,68549,5210,1278,,5,3,1,5407,597
4/3/2020,74273,5724,1480,,5,0,0,5938,629
4/4/2020,78245,3972,1163,,9,4,1,4054,690
4/5/2020,81649,3404,977,,9,0,0,3563,539
4/6/2020,88257,6608,1932,,13,4,0,6797,783
4/7/2020,94786,6529,2022,,17,4,0,6655,967
4/8/2020,101552,6766,1864,,19,2,0,6975,983
4/9/2020,107943,6391,1978,,41,22,2,6734,1041
4/10/2020,115506,7563,2054,,42,1,1,7789,1062
4/11/2020,119853,4347,1297,,43,1,0,4496,810
4/12/2020,122866,3013,929,,46,3,2,3089,713
4/13/2020,129133,6267,2017,,54,8,0,6368,1136
4/14/2020,138850,9717,2871,,62,8,2,9847,1498
4/15/2020,148730,9880,2599,,72,10,2,10184,1469
4/16/2020,157598,8868,2387,,93,21,0,8968,1738
4/17/2020,168605,11007,2992,,173,80,5,11383,1742
4/18/2020,174594,5989,1481,,181,8,3,6322,1157
4/19/2020,179163,4569,1089,,191,10,1,4656,940
4/20/2020,189881,10718,2692,,255,64,6,11031,1934
4/21/2020,199290,9409,2190,,331,76,11,9682,2141
4/22/2020,211679,12389,2715,,478,147,17,12688,2709
4/23/2020,222427,10748,2408,,951,473,31,10863,2562
4/24/2020,234750,12323,2283,,1849,898,82,12374,2529
4/25/2020,242927,8177,1496,,2336,487,25,8417,1849
4/26/2020,247794,4867,847,,2791,455,36,4789,1419
4/27/2020,258724,10930,2130,,3933,1142,79,10840,2955
4/28/2020,270952,12228,2107,,5354,1421,83,12268,3007
4/29/2020,283522,12570,2190,,7057,1703,105,12572,2942
4/30/2020,297221,13699,2048,,8435,1378,116,13712,3162
5/1/2020,311265,14044,2084,,10212,1777,130,13982,3308
5/2/2020,318486,7221,1031,,10806,594,57,7304,1893
5/3/2020,323565,5079,735,,11210,404,42,5032,1430
5/4/2020,335598,12033,1881,,13230,2020,162,11896,3548
5/5/2020,348176,12578,1738,,15207,1977,157,12424,3589
5/6/2020,361419,13243,1700,,17186,1979,184,13059,3626
5/7/2020,374849,13430,1683,,19253,2067,173,13407,3684
5/8/2020,388096,13247,1461,,21137,1884,136,13210,3735
5/9/2020,393908,5812,684,,21764,627,38,5708,1980
5/10/2020,397060,3152,386,,22118,354,77,3077,1482
5/11/2020,408842,11782,1313,,23959,1841,162,11604,4038
5/12/2020,422097,13255,1456,,25832,1873,148,13062,4297
5/13/2020,436039,13942,1319,,27577,1745,178,13766,4156
5/14/2020,449397,13358,1316,,29208,1631,165,13170,4207
5/15/2020,463148,13751,1107,,30823,1615,141,13565,4203
5/16/2020,470245,7097,650,,31357,534,51,6979,2361
5/17/2020,474533,4288,366,115,31715,358,54,4231,1624
5/18/2020,487892,13359,1326,1,33342,1627,137,13155,4435
5/19/2020,500227,12335,1078,0,35046,1704,164,12195,4494
5/20/2020,513054,12827,1020,0,36907,1861,149,12611,4299
5/21/2020,524776,11722,969,0,38613,1706,193,11541,4403
5/22/2020,535789,11013,866,0,40257,1644,158,10842,3949
5/23/2020,540748,4959,390,0,40678,421,41,4895,1816
5/24/2020,544827,4079,301,0,40992,314,41,4011,1533
5/25/2020,547923,3096,198,0,41322,330,49,3065,1493
5/26/2020,559144,11221,867,0,42841,1519,130,11075,4361
5/27/2020,569329,10185,694,0,44279,1438,153,10068,3875
5/28/2020,578719,9390,646,0,45573,1294,178,9269,3588
5/29/2020,588795,10076,533,0,46897,1324,138,9958,3518
5/30/2020,594582,5787,270,0,47161,264,35,5741,1814
5/31/2020,598284,3702,162,0,47350,189,38,3660,1402
6/1/2020,607779,9495,508,0,48501,1151,165,9387,3505
6/2/2020,617234,9455,447,0,49603,1102,88,9362,3712
6/3/2020,626784,9550,462,0,50766,1163,124,9410,3701
6/4/2020,635375,8591,383,0,51837,1071,91,8495,3529
6/5/2020,643883,8508,339,0,53045,1208,150,8435,3089
6/6/2020,648456,4573,149,0,53333,288,33,4559,1706
6/7/2020,652005,3549,151,0,53505,172,24,3509,1466
6/8/2020,662697,10692,355,0,54517,1012,102,10642,3304
6/9/2020,673695,10998,344,0,55685,1168,109,10905,3450
6/10/2020,683960,10265,257,0,56885,1200,137,10223,3214
6/11/2020,694253,10293,229,0,58117,1232,106,10246,2836
6/12/2020,704313,10060,256,0,59358,1241,85,10003,3006
6/13/2020,709103,4790,98,0,59587,229,22,4775,1660
6/14/2020,712813,3710,77,0,59763,176,25,3690,1350
6/15/2020,723552,10739,235,0,60941,1178,114,10693,3437
6/16/2020,733966,10414,200,0,62148,1207,88,10371,3330
6/17/2020,748440,14474,248,0,63374,1226,115,14453,3439
6/18/2020,762627,14187,241,0,64744,1370,90,14148,3192
6/19/2020,771507,8880,176,0,65870,1126,83,8847,2776
6/20/2020,776885,5378,93,0,66141,271,18,5368,1843
6/21/2020,780766,3881,79,0,66286,145,16,3871,1357
6/22/2020,790831,10065,228,0,67392,1106,98,10025,3565
6/23/2020,801324,10493,190,0,68685,1293,129,10475,3597
6/24/2020,811972,10648,211,0,70005,1320,100,10609,3390
6/25/2020,821531,9559,206,0,71207,1202,109,9521,3125
6/26/2020,831740,10209,200,0,72459,1252,106,10206,3026
6/27/2020,837788,6048,134,0,72702,243,19,6029,1807
6/28/2020,842430,4642,70,0,72923,221,19,4647,1602
6/29/2020,854614,12184,201,0,74053,1130,100,12173,3942
6/30/2020,866991,12377,220,0,75280,1227,111,12324,3788
7/1/2020,877883,10892,218,0,76379,1099,103,10879,3650
7/2/2020,888161,10278,223,0,77495,1116,120,10270,3646
7/3/2020,894208,6047,97,0,77923,428,61,6041,2299
7/4/2020,897174,2966,61,0,78040,117,9,2958,1319
7/5/2020,901980,4806,100,0,78161,121,23,4789,1858
7/6/2020,914524,12544,239,0,79084,923,94,12506,4473
7/7/2020,929423,14899,241,0,80157,1073,117,14860,4851
7/8/2020,943787,14364,215,0,81100,943,89,14338,5167
7/9/2020,956628,12841,253,0,82069,969,116,12793,4947
7/10/2020,969840,13212,230,0,83220,1151,143,13197,5063
7/11/2020,977384,7544,116,0,83508,288,34,7531,2684
7/12/2020,982546,5162,89,0,83692,184,32,5149,1891
7/13/2020,997390,14844,266,0,84748,1056,116,14788,5246
7/14/2020,1012537,15147,233,0,85732,984,91,15121,5778
7/15/2020,1027811,15274,300,0,86666,934,104,15246,5675
7/16/2020,1040453,12642,245,0,87596,930,108,12576,5009
7/17/2020,1053403,12950,224,0,88573,977,142,12902,5088
7/18/2020,1061553,8150,129,0,88858,285,62,8128,2831
7/19/2020,1067153,5600,72,0,88977,119,24,5596,2020
7/20/2020,1080029,12876,284,0,89889,912,76,12815,4614
7/21/2020,1094450,14421,262,0,90923,1034,113,14395,5243
7/22/2020,1107740,13290,259,0,91877,954,119,13249,5078
7/23/2020,1121576,13836,258,0,92766,889,149,13792,6233
7/24/2020,1134014,12438,258,0,93551,785,109,12402,4856
7/25/2020,1142177,8163,160,0,93683,132,6,8145,3226
7/26/2020,1147385,5208,102,0,93777,94,7,5180,2154
7/27/2020,1163441,16056,362,0,94742,965,147,15949,6038
7/28/2020,1181145,17704,320,0,95622,880,118,17611,7833
7/29/2020,1196621,15476,322,0,96498,876,126,15384,6582
7/30/2020,1212508,15887,446,0,97323,825,105,15705,7016
7/31/2020,1227579,15071,340,0,98035,712,112,15001,6484
8/1/2020,1235614,8035,149,0,98224,189,35,8008,3034
8/2/2020,1241440,5826,113,0,98368,144,43,5804,2374
8/3/2020,1260517,19077,359,0,99079,711,100,18985,7853
8/4/2020,1276930,16413,300,0,99892,813,124,16340,7842
8/5/2020,1294187,17257,327,0,100563,671,87,17182,7732
8/6/2020,1309224,15037,314,0,101225,662,82,14966,6912
8/7/2020,1323825,14601,259,0,101813,588,75,14533,6101
8/8/2020,1331227,7402,131,0,101913,100,6,7376,3074
8/9/2020,1334863,3636,36,0,101958,45,4,3631,2053
8/10/2020,1337585,2722,60,0,102208,250,16,2704,1715
8/11/2020,1337606,21,0,0,102208,0,0,21,6
