Date,Molecular Total,Molecular New,Molecular Positive New,Molecular Missing,Serology Total,Serology New,Serology Positive New,First Molecular Test per person,Repeat Molecular Tests,All Molecular Tests,All Positive Molecular Tests,Antigen Positive New,Antigen New,Antigen Total
1/22/2020,1,1,0,,0,0,0,1,0,1,0,0,0,0
1/23/2020,2,1,0,,0,0,0,1,0,1,0,0,0,0
1/24/2020,2,0,0,,0,0,0,0,0,0,0,0,0,0
1/25/2020,2,0,0,,0,0,0,0,0,0,0,0,0,0
1/26/2020,2,0,0,,0,0,0,0,0,0,0,0,0,0
1/27/2020,3,1,0,,0,0,0,1,0,1,0,0,0,0
1/28/2020,3,0,0,,0,0,0,0,0,0,0,0,0,0
1/29/2020,4,1,1,,0,0,0,1,0,1,1,0,0,0
1/30/2020,4,0,0,,0,0,0,0,0,0,0,0,0,0
1/31/2020,4,0,0,,0,0,0,0,0,0,0,0,0,0
2/1/2020,4,0,0,,0,0,0,0,0,0,0,0,0,0
2/2/2020,4,0,0,,0,0,0,0,0,0,0,0,0,0
2/3/2020,7,3,0,,0,0,0,3,0,3,0,0,0,0
2/4/2020,9,2,0,,0,0,0,2,0,2,0,0,0,0
2/5/2020,9,0,0,,0,0,0,0,0,0,0,0,0,0
2/6/2020,10,1,1,,0,0,0,1,0,1,1,0,0,0
2/7/2020,10,0,0,,0,0,0,0,0,0,0,0,0,0
2/8/2020,11,1,0,,0,0,0,1,0,1,0,0,0,0
2/9/2020,11,0,0,,0,0,0,0,0,0,0,0,0,0
2/10/2020,11,0,0,,0,0,0,0,1,1,1,0,0,0
2/11/2020,11,0,0,,0,0,0,0,0,0,0,0,0,0
2/12/2020,11,0,0,,0,0,0,1,0,1,0,0,0,0
2/13/2020,11,0,0,,0,0,0,0,0,0,0,0,0,0
2/14/2020,11,0,0,,0,0,0,0,0,0,0,0,0,0
2/15/2020,11,0,0,,0,0,0,0,0,0,0,0,0,0
2/16/2020,11,0,0,,0,0,0,0,0,0,0,0,0,0
2/17/2020,11,0,0,,0,0,0,0,0,0,0,0,0,0
2/18/2020,11,0,0,,0,0,0,0,0,0,0,0,0,0
2/19/2020,11,0,0,,0,0,0,0,0,0,0,0,0,0
2/20/2020,11,0,0,,0,0,0,0,1,1,1,0,0,0
2/21/2020,11,0,0,,0,0,0,0,0,0,0,0,0,0
2/22/2020,11,0,0,,0,0,0,0,0,0,0,0,0,0
2/23/2020,11,0,0,,0,0,0,0,0,0,0,0,0,0
2/24/2020,11,0,0,,1,1,0,0,2,2,1,0,0,0
2/25/2020,11,0,0,,1,0,0,0,0,0,0,0,0,0
2/26/2020,11,0,0,,1,0,0,0,0,0,0,0,0,0
2/27/2020,11,0,0,,1,0,0,0,0,0,0,0,0,0
2/28/2020,12,1,0,,1,0,0,0,2,2,1,0,0,0
2/29/2020,13,1,0,,1,0,0,1,0,1,0,0,0,0
3/1/2020,15,2,1,,1,0,0,2,2,4,1,0,0,0
3/2/2020,18,3,0,,1,0,0,3,3,6,1,0,0,0
3/3/2020,32,14,1,,2,1,0,14,1,15,1,0,0,0
3/4/2020,51,19,2,,2,0,0,19,3,22,2,0,0,0
3/5/2020,83,32,8,,2,0,0,33,3,36,8,0,0,0
3/6/2020,121,38,14,,2,0,0,42,7,49,14,0,0,0
3/7/2020,205,84,44,,2,0,0,86,14,100,44,0,0,0
3/8/2020,260,55,19,,2,0,0,54,7,61,20,0,0,0
3/9/2020,332,72,5,,2,0,0,76,5,81,7,0,0,0
3/10/2020,436,104,14,,2,0,0,103,6,109,14,0,0,0
3/11/2020,609,173,22,,2,0,0,176,6,182,23,0,0,0
3/12/2020,1026,417,29,,2,0,0,425,7,432,29,0,0,0
3/13/2020,1963,937,61,,2,0,0,971,14,985,64,0,0,0
3/14/2020,2862,899,73,,2,0,0,920,15,935,74,0,0,0
3/15/2020,3889,1027,68,,2,0,0,1057,27,1084,72,0,0,0
3/16/2020,6029,2140,150,,2,0,0,2217,18,2235,152,0,0,0
3/17/2020,8705,2676,249,,2,0,0,2762,28,2790,255,0,0,0
3/18/2020,11684,2979,259,,2,0,0,3070,157,3227,263,0,0,0
3/19/2020,14582,2898,278,,2,0,0,2996,142,3138,286,0,0,0
3/20/2020,18223,3641,388,,2,0,0,3754,124,3878,394,0,0,0
3/21/2020,20753,2530,322,,2,0,0,2604,168,2772,340,0,0,0
3/22/2020,22645,1892,286,,2,0,0,1942,159,2101,298,0,0,0
3/23/2020,26424,3779,609,,2,0,0,3895,202,4097,632,0,0,0
3/24/2020,30409,3985,718,,2,0,0,4112,207,4319,738,0,0,0
3/25/2020,34508,4099,746,,2,0,0,4217,269,4486,792,0,0,0
3/26/2020,38918,4410,936,,2,0,0,4538,299,4837,984,0,0,0
3/27/2020,43277,4359,943,,2,0,0,4474,342,4816,1007,0,0,0
3/28/2020,46076,2799,654,,2,0,0,2870,332,3202,704,0,0,0
3/29/2020,48144,2068,523,,2,0,0,2155,318,2473,576,0,0,0
3/30/2020,53185,5041,1238,,2,0,0,5165,416,5581,1317,0,0,0
3/31/2020,58418,5233,1266,,2,0,0,5460,471,5931,1403,0,0,0
4/1/2020,63338,4920,1337,,2,0,0,5114,463,5577,1423,0,0,0
4/2/2020,68551,5213,1278,,5,3,1,5411,597,6008,1404,0,0,0
4/3/2020,74274,5723,1480,,5,0,0,5938,629,6567,1625,0,0,0
4/4/2020,78247,3973,1163,,9,4,1,4055,690,4745,1322,0,0,0
4/5/2020,81652,3405,977,,9,0,0,3564,540,4104,1078,0,0,0
4/6/2020,88263,6611,1932,,13,4,0,6800,783,7583,2101,0,0,0
4/7/2020,94792,6529,2022,,17,4,0,6656,967,7623,2241,0,0,0
4/8/2020,101561,6769,1864,,19,2,0,6976,983,7959,2107,0,0,0
4/9/2020,107952,6391,1978,,41,22,2,6734,1041,7775,2276,0,0,0
4/10/2020,115512,7560,2054,,42,1,1,7787,1062,8849,2314,0,0,0
4/11/2020,119856,4344,1297,,43,1,0,4493,811,5304,1473,0,0,0
4/12/2020,122869,3013,929,,46,3,2,3089,713,3802,1072,0,0,0
4/13/2020,129143,6274,2017,,54,8,0,6378,1139,7517,2263,0,0,0
4/14/2020,138862,9719,2871,,62,8,2,9850,1498,11348,3214,0,0,0
4/15/2020,148742,9880,2599,,72,10,2,10185,1470,11655,2913,0,0,0
4/16/2020,157600,8858,2387,,93,21,0,8961,1746,10707,2797,0,0,0
4/17/2020,168567,10967,2992,,173,80,5,11345,1781,13126,3324,0,0,0
4/18/2020,174541,5974,1481,,181,8,3,6311,1167,7478,1708,1,1,1
4/19/2020,179107,4566,1089,,191,10,1,4652,943,5595,1267,0,0,1
4/20/2020,189825,10718,2690,,255,64,6,11029,1943,12972,3109,0,0,1
4/21/2020,199223,9398,2188,,331,76,11,9666,2156,11822,2710,0,0,1
4/22/2020,211585,12362,2712,,478,147,17,12662,2737,15399,3230,0,0,1
4/23/2020,222325,10740,2408,,951,473,31,10857,2569,13426,2933,0,0,1
4/24/2020,234646,12321,2283,,1849,898,82,12375,2531,14906,2818,0,0,1
4/25/2020,242825,8179,1496,,2336,487,25,8416,1850,10266,1830,0,0,1
4/26/2020,247690,4865,847,,2791,455,36,4787,1421,6208,1166,0,0,1
4/27/2020,258617,10927,2130,,3933,1142,79,10839,2957,13796,2770,0,0,1
4/28/2020,270842,12225,2107,,5354,1421,83,12266,3012,15278,2767,0,0,1
4/29/2020,283427,12585,2190,,7057,1703,105,12572,2945,15517,2825,0,0,1
4/30/2020,297144,13717,2048,,8435,1378,116,13730,3165,16895,2705,0,0,1
5/1/2020,311181,14037,2084,,10212,1777,130,13979,3311,17290,2732,0,0,1
5/2/2020,318401,7220,1031,,10806,594,57,7301,1896,9197,1412,0,0,1
5/3/2020,323478,5077,735,,11210,404,42,5031,1430,6461,1001,0,1,2
5/4/2020,335452,11974,1881,,13230,2020,162,11839,3606,15445,2710,0,0,2
5/5/2020,348023,12571,1738,,15207,1977,157,12417,3596,16013,2505,0,1,3
5/6/2020,361264,13241,1700,,17186,1979,184,13056,3627,16683,2483,0,0,3
5/7/2020,374688,13424,1683,,19253,2067,173,13402,3689,17091,2469,0,0,3
5/8/2020,387941,13253,1461,,21137,1884,136,13216,3740,16956,2224,0,0,3
5/9/2020,393749,5808,684,,21764,627,38,5707,1981,7688,1025,0,0,3
5/10/2020,396900,3151,386,,22118,354,77,3077,1482,4559,674,0,0,3
5/11/2020,408680,11780,1313,,23959,1841,162,11603,4043,15646,2124,0,0,3
5/12/2020,421933,13253,1456,,25832,1873,148,13059,4301,17360,2270,0,0,3
5/13/2020,435868,13935,1319,,27577,1745,178,13760,4160,17920,2109,1,1,4
5/14/2020,449225,13357,1316,,29208,1631,165,13163,4214,17377,2083,0,0,4
5/15/2020,463019,13794,1107,,30823,1615,141,13609,4206,17815,1852,0,0,4
5/16/2020,470112,7093,650,,31358,535,51,6974,2366,9340,1033,1,1,5
5/17/2020,474403,4291,366,115,31716,358,54,4230,1625,5855,596,3,3,8
5/18/2020,487787,13384,1326,1,33343,1627,137,13177,4439,17616,2144,1,1,9
5/19/2020,500121,12334,1078,0,35047,1704,164,12193,4497,16690,1860,16,82,91
5/20/2020,512940,12819,1020,0,36908,1861,149,12606,4304,16910,1679,12,100,191
5/21/2020,524658,11718,969,0,38614,1706,193,11539,4407,15946,1670,19,282,473
5/22/2020,535691,11033,866,0,40258,1644,158,10863,3950,14813,1504,10,209,682
5/23/2020,540650,4959,390,0,40679,421,41,4896,1816,6712,628,16,197,879
5/24/2020,544743,4093,302,0,40993,314,41,4024,1535,5559,509,15,204,1083
5/25/2020,547847,3104,198,0,41323,330,49,3073,1492,4565,382,20,234,1317
5/26/2020,559061,11214,867,0,42842,1519,130,11072,4365,15437,1542,20,298,1615
5/27/2020,569241,10180,694,0,44280,1438,153,10068,3879,13947,1224,12,232,1847
5/28/2020,578592,9351,645,0,45575,1295,178,9232,3589,12821,1164,8,224,2071
5/29/2020,588829,10237,533,0,46899,1324,138,10122,3526,13648,1022,15,213,2284
5/30/2020,594623,5794,270,0,47163,264,35,5748,1815,7563,463,10,167,2451
5/31/2020,598324,3701,162,0,47352,189,38,3660,1402,5062,298,6,142,2593
6/1/2020,607821,9497,508,0,48503,1151,165,9391,3506,12897,936,6,227,2820
6/2/2020,617272,9451,447,0,49605,1102,88,9359,3718,13077,881,9,223,3043
6/3/2020,626824,9552,462,0,50768,1163,124,9414,3702,13116,870,3,192,3235
6/4/2020,635410,8586,383,0,51839,1071,91,8492,3532,12024,750,2,171,3406
6/5/2020,643915,8505,339,0,53047,1208,150,8433,3091,11524,660,4,186,3592
6/6/2020,648487,4572,149,0,53335,288,33,4558,1707,6265,288,3,149,3741
6/7/2020,652037,3550,151,0,53507,172,24,3510,1467,4977,252,10,141,3882
6/8/2020,662714,10677,355,0,54519,1012,102,10630,3316,13946,677,6,189,4071
6/9/2020,673709,10995,345,0,55686,1167,109,10902,3454,14356,644,10,189,4260
6/10/2020,683967,10258,257,0,56886,1200,137,10219,3217,13436,560,12,243,4503
6/11/2020,694262,10295,229,0,58118,1232,106,10249,2836,13085,505,11,271,4774
6/12/2020,704313,10051,256,0,59359,1241,85,9994,3011,13005,484,9,269,5043
6/13/2020,709101,4788,98,0,59588,229,22,4774,1661,6435,193,7,205,5248
6/14/2020,712809,3708,77,0,59764,176,25,3688,1352,5040,146,6,212,5460
6/15/2020,723546,10737,235,0,60942,1178,114,10691,3439,14130,492,9,461,5921
6/16/2020,733978,10432,200,0,62149,1207,88,10393,3333,13726,391,13,434,6355
6/17/2020,748513,14535,248,0,63375,1226,115,14518,3444,17962,448,23,464,6819
6/18/2020,763211,14698,241,0,64745,1370,90,14659,3219,17878,406,9,403,7222
6/19/2020,772168,8957,176,0,65871,1126,83,8928,2790,11718,314,9,494,7716
6/20/2020,777549,5381,93,0,66142,271,18,5373,1849,7222,162,5,452,8168
6/21/2020,781429,3880,79,0,66287,145,16,3869,1358,5227,120,6,322,8490
6/22/2020,791494,10065,228,0,67393,1106,98,10027,3566,13593,416,8,747,9237
6/23/2020,801975,10481,189,0,68686,1293,129,10465,3602,14067,331,4,647,9884
6/24/2020,812618,10643,211,0,70006,1320,100,10604,3395,13999,343,13,660,10544
6/25/2020,822176,9558,206,0,71208,1202,109,9521,3126,12647,334,9,541,11085
6/26/2020,832386,10210,200,0,72459,1251,105,10208,3028,13236,329,8,765,11850
6/27/2020,838454,6068,134,0,72702,243,19,6049,1809,7858,191,4,667,12517
6/28/2020,843229,4775,70,0,72923,221,19,4782,1620,6402,120,4,575,13092
6/29/2020,855404,12175,201,0,74053,1130,100,12164,3961,16125,314,11,926,14018
6/30/2020,867786,12382,220,0,75280,1227,111,12329,3796,16125,345,9,1071,15089
7/1/2020,878753,10967,218,0,76379,1099,103,10954,3661,14615,318,12,1029,16118
7/2/2020,889060,10307,224,0,77494,1115,119,10300,3654,13954,344,15,1013,17131
7/3/2020,895092,6032,98,0,77922,428,61,6026,2319,8345,163,11,1147,18278
7/4/2020,898057,2965,61,0,78039,117,9,2957,1321,4278,107,14,521,18799
7/5/2020,902861,4804,100,0,78160,121,23,4786,1860,6646,135,20,668,19467
7/6/2020,915408,12547,239,0,79083,923,94,12514,4477,16991,349,20,1100,20567
7/7/2020,930328,14920,241,0,80156,1073,117,14884,4858,19742,325,21,1124,21691
7/8/2020,944648,14320,214,0,81099,943,89,14296,5216,19512,300,20,1281,22972
7/9/2020,957485,12837,253,0,82068,969,116,12788,4952,17740,353,19,1210,24182
7/10/2020,970689,13204,230,0,83217,1149,143,13187,5070,18257,328,9,1266,25448
7/11/2020,978232,7543,116,0,83505,288,34,7532,2685,10217,151,20,1158,26606
7/12/2020,983389,5157,89,0,83689,184,32,5144,1893,7037,108,36,944,27550
7/13/2020,998241,14852,266,0,84746,1057,116,14795,5266,20061,375,4,340,27890
7/14/2020,1013532,15291,233,0,85731,985,92,15267,5858,21125,314,25,1296,29186
7/15/2020,1029216,15684,300,0,86665,934,104,15658,5779,21437,381,5,358,29544
7/16/2020,1042484,13268,244,0,87597,932,108,13204,5166,18370,317,33,1351,30895
7/17/2020,1055649,13165,224,0,88575,978,142,13120,5164,18284,298,4,315,31210
7/18/2020,1063820,8171,129,0,88860,285,62,8151,2856,11007,169,25,1038,32248
7/19/2020,1069618,5798,72,0,88979,119,24,5795,2048,7843,108,18,825,33073
7/20/2020,1083269,13651,284,0,89897,918,76,13595,4802,18397,360,34,1261,34334
7/21/2020,1097857,14588,261,0,90930,1033,113,14562,5283,19845,338,36,1343,35677
7/22/2020,1111396,13539,259,0,91909,979,119,13499,5120,18619,328,51,1556,37233
7/23/2020,1125832,14436,259,0,92802,893,148,14389,6328,20717,347,28,1506,38739
7/24/2020,1139039,13207,259,0,93587,785,109,13170,5052,18222,330,32,1371,40110
7/25/2020,1147517,8478,160,0,93720,133,6,8462,3306,11768,197,49,1243,41353
7/26/2020,1152899,5382,102,0,93814,94,7,5355,2180,7535,126,29,1028,42381
7/27/2020,1169381,16482,362,0,94778,964,147,16375,6138,22513,432,37,1343,43724
7/28/2020,1187942,18561,320,0,95658,880,118,18476,8034,26510,397,41,1367,45091
7/29/2020,1204240,16298,315,0,96537,879,125,16212,6805,23017,382,22,1542,46633
7/30/2020,1220659,16419,340,0,97359,822,100,16320,7165,23485,420,41,1444,48077
7/31/2020,1236118,15459,322,0,98071,712,112,15405,6603,22008,396,6,349,48426
8/1/2020,1244193,8075,148,0,98260,189,35,8050,3111,11161,187,9,279,48705
8/2/2020,1250052,5859,113,0,98404,144,43,5839,2394,8233,136,27,1246,49951
8/3/2020,1269504,19452,362,0,99114,710,99,19367,8002,27369,425,19,1633,51584
8/4/2020,1286422,16918,308,0,99990,876,123,16847,7988,24835,390,20,1512,53096
8/5/2020,1304522,18100,335,0,100685,695,88,18032,7910,25942,409,36,1712,54808
8/6/2020,1321193,16671,359,0,101368,683,82,16593,7317,23910,443,27,1638,56446
8/7/2020,1337866,16673,304,0,102019,651,95,16592,6656,23248,360,17,1675,58121
8/8/2020,1347565,9699,168,0,102130,111,8,9669,3582,13251,216,20,1387,59508
8/9/2020,1353836,6271,82,0,102196,66,5,6256,2710,8966,100,13,1151,60659
8/10/2020,1373037,19201,331,0,102872,676,105,19114,8622,27736,414,30,1678,62337
8/11/2020,1389236,16199,209,0,103532,660,83,16145,8312,24457,263,10,510,62847
8/12/2020,1400841,11605,174,0,104024,492,51,11550,6212,17762,217,25,1693,64540
8/13/2020,1402721,1880,51,0,104190,166,12,1872,1278,3150,68,1,233,64773
8/14/2020,1402730,9,0,0,104191,1,0,9,13,22,0,0,0,64773
