Date,Molecular Total,Molecular New,Molecular Positive New,Molecular Missing,Serology Total,Serology New,Serology Positive New,First Molecular Test per person,Repeat Molecular Tests,All Molecular Tests,All Positive Molecular Tests,Antigen Positive New,Antigen New,Antigen Total
1/22/2020,1,1,0,,0,0,0,1,0,1,0,0,0,0
1/23/2020,2,1,0,,0,0,0,1,0,1,0,0,0,0
1/24/2020,2,0,0,,0,0,0,0,0,0,0,0,0,0
1/25/2020,2,0,0,,0,0,0,0,0,0,0,0,0,0
1/26/2020,2,0,0,,0,0,0,0,0,0,0,0,0,0
1/27/2020,3,1,0,,0,0,0,1,0,1,0,0,0,0
1/28/2020,3,0,0,,0,0,0,0,0,0,0,0,0,0
1/29/2020,4,1,1,,0,0,0,1,0,1,1,0,0,0
1/30/2020,4,0,0,,0,0,0,0,0,0,0,0,0,0
1/31/2020,4,0,0,,0,0,0,0,0,0,0,0,0,0
2/1/2020,4,0,0,,0,0,0,0,0,0,0,0,0,0
2/2/2020,4,0,0,,0,0,0,0,0,0,0,0,0,0
2/3/2020,7,3,0,,0,0,0,3,0,3,0,0,0,0
2/4/2020,9,2,0,,0,0,0,2,0,2,0,0,0,0
2/5/2020,9,0,0,,0,0,0,0,0,0,0,0,0,0
2/6/2020,10,1,1,,0,0,0,1,0,1,1,0,0,0
2/7/2020,10,0,0,,0,0,0,0,0,0,0,0,0,0
2/8/2020,11,1,0,,0,0,0,1,0,1,0,0,0,0
2/9/2020,11,0,0,,0,0,0,0,0,0,0,0,0,0
2/10/2020,11,0,0,,0,0,0,0,1,1,1,0,0,0
2/11/2020,11,0,0,,0,0,0,0,0,0,0,0,0,0
2/12/2020,11,0,0,,0,0,0,1,0,1,0,0,0,0
2/13/2020,11,0,0,,0,0,0,0,0,0,0,0,0,0
2/14/2020,11,0,0,,0,0,0,0,0,0,0,0,0,0
2/15/2020,11,0,0,,0,0,0,0,0,0,0,0,0,0
2/16/2020,11,0,0,,0,0,0,0,0,0,0,0,0,0
2/17/2020,11,0,0,,0,0,0,0,0,0,0,0,0,0
2/18/2020,11,0,0,,0,0,0,0,0,0,0,0,0,0
2/19/2020,11,0,0,,0,0,0,0,0,0,0,0,0,0
2/20/2020,11,0,0,,0,0,0,0,1,1,1,0,0,0
2/21/2020,11,0,0,,0,0,0,0,0,0,0,0,0,0
2/22/2020,11,0,0,,0,0,0,0,0,0,0,0,0,0
2/23/2020,11,0,0,,0,0,0,0,0,0,0,0,0,0
2/24/2020,11,0,0,,1,1,0,0,2,2,1,0,0,0
2/25/2020,11,0,0,,1,0,0,0,0,0,0,0,0,0
2/26/2020,11,0,0,,1,0,0,0,0,0,0,0,0,0
2/27/2020,11,0,0,,1,0,0,0,0,0,0,0,0,0
2/28/2020,12,1,0,,1,0,0,0,2,2,1,0,0,0
2/29/2020,13,1,0,,1,0,0,1,0,1,0,0,0,0
3/1/2020,15,2,1,,1,0,0,2,2,4,1,0,0,0
3/2/2020,18,3,0,,1,0,0,3,3,6,1,0,0,0
3/3/2020,32,14,1,,2,1,0,14,1,15,1,0,0,0
3/4/2020,51,19,2,,2,0,0,19,3,22,2,0,0,0
3/5/2020,83,32,8,,2,0,0,33,3,36,8,0,0,0
3/6/2020,121,38,14,,2,0,0,42,7,49,14,0,0,0
3/7/2020,205,84,44,,2,0,0,86,14,100,44,0,0,0
3/8/2020,260,55,19,,2,0,0,54,7,61,20,0,0,0
3/9/2020,332,72,5,,2,0,0,76,5,81,7,0,0,0
3/10/2020,436,104,14,,2,0,0,103,6,109,14,0,0,0
3/11/2020,609,173,22,,2,0,0,176,6,182,23,0,0,0
3/12/2020,1026,417,29,,2,0,0,425,7,432,29,0,0,0
3/13/2020,1963,937,61,,2,0,0,971,14,985,64,0,0,0
3/14/2020,2862,899,73,,2,0,0,920,15,935,74,0,0,0
3/15/2020,3889,1027,68,,2,0,0,1057,27,1084,72,0,0,0
3/16/2020,6029,2140,150,,2,0,0,2217,18,2235,152,0,0,0
3/17/2020,8705,2676,249,,2,0,0,2762,28,2790,255,0,0,0
3/18/2020,11684,2979,259,,2,0,0,3070,157,3227,263,0,0,0
3/19/2020,14582,2898,278,,2,0,0,2996,142,3138,286,0,0,0
3/20/2020,18223,3641,388,,2,0,0,3754,124,3878,394,0,0,0
3/21/2020,20753,2530,322,,2,0,0,2604,168,2772,340,0,0,0
3/22/2020,22645,1892,286,,2,0,0,1942,159,2101,298,0,0,0
3/23/2020,26423,3778,609,,2,0,0,3895,202,4097,632,0,0,0
3/24/2020,30407,3984,718,,2,0,0,4112,207,4319,738,0,0,0
3/25/2020,34506,4099,746,,2,0,0,4217,269,4486,792,0,0,0
3/26/2020,38916,4410,936,,2,0,0,4538,299,4837,984,0,0,0
3/27/2020,43275,4359,943,,2,0,0,4474,342,4816,1007,0,0,0
3/28/2020,46074,2799,654,,2,0,0,2870,332,3202,704,0,0,0
3/29/2020,48142,2068,523,,2,0,0,2155,318,2473,576,0,0,0
3/30/2020,53183,5041,1238,,2,0,0,5165,416,5581,1317,0,0,0
3/31/2020,58415,5232,1266,,2,0,0,5460,471,5931,1403,0,0,0
4/1/2020,63336,4921,1338,,2,0,0,5115,463,5578,1424,0,0,0
4/2/2020,68549,5213,1278,,5,3,1,5411,597,6008,1404,0,0,0
4/3/2020,74272,5723,1480,,5,0,0,5938,629,6567,1625,0,0,0
4/4/2020,78245,3973,1163,,9,4,1,4055,690,4745,1322,0,0,0
4/5/2020,81650,3405,977,,9,0,0,3564,540,4104,1078,0,0,0
4/6/2020,88260,6610,1932,,13,4,0,6800,783,7583,2101,0,0,0
4/7/2020,94788,6528,2022,,17,4,0,6656,967,7623,2241,0,0,0
4/8/2020,101556,6768,1864,,19,2,0,6976,983,7959,2107,0,0,0
4/9/2020,107947,6391,1978,,41,22,2,6734,1041,7775,2276,0,0,0
4/10/2020,115506,7559,2054,,42,1,1,7787,1062,8849,2314,0,0,0
4/11/2020,119850,4344,1297,,43,1,0,4493,811,5304,1473,0,0,0
4/12/2020,122863,3013,929,,46,3,2,3089,713,3802,1072,0,0,0
4/13/2020,129137,6274,2017,,54,8,0,6378,1139,7517,2263,0,0,0
4/14/2020,138856,9719,2871,,62,8,2,9850,1498,11348,3214,0,0,0
4/15/2020,148735,9879,2599,,72,10,2,10185,1470,11655,2913,0,0,0
4/16/2020,157592,8857,2387,,93,21,0,8961,1746,10707,2797,0,0,0
4/17/2020,168558,10966,2992,,173,80,5,11345,1781,13126,3324,0,0,0
4/18/2020,174531,5973,1481,,181,8,3,6311,1167,7478,1708,1,1,1
4/19/2020,179097,4566,1089,,191,10,1,4652,943,5595,1267,0,0,1
4/20/2020,189812,10715,2690,,255,64,6,11029,1943,12972,3109,0,0,1
4/21/2020,199209,9397,2188,,331,76,11,9665,2157,11822,2710,0,0,1
4/22/2020,211570,12361,2712,,478,147,17,12662,2737,15399,3230,0,0,1
4/23/2020,222310,10740,2408,,951,473,31,10857,2569,13426,2933,0,0,1
4/24/2020,234627,12317,2283,,1849,898,82,12375,2531,14906,2818,0,0,1
4/25/2020,242806,8179,1496,,2336,487,25,8416,1850,10266,1830,0,0,1
4/26/2020,247669,4863,847,,2791,455,36,4787,1421,6208,1166,0,0,1
4/27/2020,258593,10924,2130,,3933,1142,79,10839,2957,13796,2770,0,0,1
4/28/2020,270817,12224,2107,,5354,1421,83,12266,3012,15278,2767,0,0,1
4/29/2020,283398,12581,2190,,7057,1703,105,12572,2945,15517,2825,0,0,1
4/30/2020,297115,13717,2048,,8435,1378,116,13730,3165,16895,2705,0,0,1
5/1/2020,311148,14033,2084,,10212,1777,130,13977,3313,17290,2732,0,0,1
5/2/2020,318368,7220,1031,,10806,594,57,7301,1896,9197,1412,0,0,1
5/3/2020,323444,5076,735,,11210,404,42,5030,1430,6460,1001,0,1,2
5/4/2020,335416,11972,1881,,13230,2020,162,11839,3606,15445,2710,0,0,2
5/5/2020,347984,12568,1738,,15207,1977,157,12416,3597,16013,2505,0,1,3
5/6/2020,361223,13239,1700,,17185,1978,184,13056,3627,16683,2483,0,0,3
5/7/2020,374646,13423,1683,,19252,2067,173,13402,3689,17091,2469,0,0,3
5/8/2020,387893,13247,1461,,21136,1884,136,13214,3742,16956,2224,0,0,3
5/9/2020,393701,5808,684,,21763,627,38,5707,1981,7688,1025,0,0,3
5/10/2020,396852,3151,386,,22117,354,77,3077,1482,4559,674,0,0,3
5/11/2020,408629,11777,1313,,23958,1841,162,11602,4044,15646,2124,0,0,3
5/12/2020,421882,13253,1456,,25831,1873,148,13059,4301,17360,2270,0,0,3
5/13/2020,435816,13934,1320,,27576,1745,178,13759,4162,17921,2110,1,1,4
5/14/2020,449172,13356,1316,,29207,1631,165,13162,4219,17381,2083,0,0,4
5/15/2020,462964,13792,1107,,30822,1615,141,13609,4206,17815,1852,0,0,4
5/16/2020,470057,7093,650,,31357,535,51,6973,2367,9340,1033,1,1,5
5/17/2020,474348,4291,366,115,31715,358,54,4230,1625,5855,596,3,3,8
5/18/2020,487730,13382,1326,1,33342,1627,137,13176,4440,17616,2144,1,1,9
5/19/2020,500059,12329,1078,0,35046,1704,164,12192,4498,16690,1860,16,82,91
5/20/2020,512873,12814,1020,0,36907,1861,149,12602,4307,16909,1679,12,100,191
5/21/2020,524588,11715,969,0,38613,1706,193,11539,4407,15946,1670,19,282,473
5/22/2020,535619,11031,866,0,40257,1644,158,10863,3950,14813,1504,10,213,686
5/23/2020,540577,4958,390,0,40678,421,41,4896,1816,6712,628,16,197,883
5/24/2020,544670,4093,302,0,40992,314,41,4024,1535,5559,509,15,204,1087
5/25/2020,547774,3104,198,0,41322,330,49,3073,1492,4565,382,20,234,1321
5/26/2020,558987,11213,867,0,42841,1519,130,11071,4366,15437,1542,20,303,1624
5/27/2020,569166,10179,694,0,44278,1437,153,10068,3879,13947,1224,12,233,1857
5/28/2020,578515,9349,645,0,45573,1295,178,9232,3589,12821,1164,8,231,2088
5/29/2020,588750,10235,533,0,46896,1323,138,10121,3527,13648,1022,15,217,2305
5/30/2020,594543,5793,270,0,47160,264,35,5748,1815,7563,463,10,172,2477
5/31/2020,598244,3701,162,0,47349,189,38,3660,1402,5062,298,6,142,2619
6/1/2020,607740,9496,508,0,48500,1151,165,9390,3508,12898,936,6,227,2846
6/2/2020,617190,9450,447,0,49602,1102,88,9359,3718,13077,881,9,223,3069
6/3/2020,626735,9545,462,0,50765,1163,124,9409,3707,13116,870,3,192,3261
6/4/2020,635322,8587,383,0,51836,1071,91,8493,3532,12025,750,2,171,3432
6/5/2020,643826,8504,339,0,53044,1208,150,8432,3092,11524,660,4,186,3618
6/6/2020,648398,4572,149,0,53332,288,33,4558,1708,6266,288,3,149,3767
6/7/2020,651946,3548,151,0,53504,172,24,3509,1468,4977,252,10,141,3908
6/8/2020,662623,10677,355,0,54516,1012,102,10631,3316,13947,677,6,189,4097
6/9/2020,673616,10993,345,0,55682,1166,109,10902,3455,14357,644,10,189,4286
6/10/2020,683873,10257,257,0,56881,1199,137,10220,3218,13438,560,12,243,4529
6/11/2020,694166,10293,229,0,58113,1232,106,10249,2836,13085,505,11,271,4800
6/12/2020,704214,10048,256,0,59354,1241,85,9992,3013,13005,484,9,269,5069
6/13/2020,709023,4809,98,0,59583,229,22,4795,1666,6461,193,7,205,5274
6/14/2020,712731,3708,77,0,59759,176,25,3688,1352,5040,146,6,212,5486
6/15/2020,723463,10732,235,0,60937,1178,114,10687,3444,14131,492,9,461,5947
6/16/2020,733897,10434,200,0,62144,1207,88,10397,3333,13730,391,13,434,6381
6/17/2020,748489,14592,249,0,63369,1225,115,14578,3450,18028,449,23,464,6845
6/18/2020,763278,14789,241,0,64739,1370,90,14751,3237,17988,406,9,403,7248
6/19/2020,772232,8954,176,0,65864,1125,83,8927,2791,11718,314,9,494,7742
6/20/2020,777612,5380,93,0,66135,271,18,5373,1849,7222,162,5,452,8194
6/21/2020,781492,3880,79,0,66280,145,16,3869,1358,5227,120,6,322,8516
6/22/2020,791560,10068,228,0,67386,1106,98,10030,3571,13601,416,8,747,9263
6/23/2020,802047,10487,189,0,68679,1293,129,10471,3603,14074,331,4,647,9910
6/24/2020,812684,10637,211,0,69998,1319,100,10601,3398,13999,343,13,660,10570
6/25/2020,822241,9557,205,0,71200,1202,109,9521,3125,12646,333,9,541,11111
6/26/2020,832448,10207,200,0,72452,1252,106,10209,3028,13237,329,8,765,11876
6/27/2020,838518,6070,134,0,72695,243,19,6051,1810,7861,191,4,667,12543
6/28/2020,843291,4773,69,0,72916,221,19,4782,1620,6402,120,4,575,13118
6/29/2020,855464,12173,201,0,74046,1130,100,12163,3967,16130,314,11,926,14044
6/30/2020,867873,12409,220,0,75273,1227,111,12356,3800,16156,345,9,1070,15114
7/1/2020,878835,10962,218,0,76372,1099,103,10951,3664,14615,318,12,1029,16143
7/2/2020,889147,10312,224,0,77487,1115,120,10306,3655,13961,344,15,1013,17156
7/3/2020,895228,6081,98,0,77915,428,61,6075,2334,8409,163,11,1147,18303
7/4/2020,898192,2964,61,0,78032,117,9,2956,1322,4278,107,14,521,18824
7/5/2020,902996,4804,100,0,78153,121,23,4786,1861,6647,135,20,668,19492
7/6/2020,915539,12543,239,0,79075,922,94,12511,4480,16991,349,20,1100,20592
7/7/2020,930456,14917,241,0,80148,1073,117,14882,4860,19742,325,21,1124,21716
7/8/2020,944771,14315,214,0,81091,943,89,14292,5220,19512,300,20,1281,22997
7/9/2020,957608,12837,253,0,82060,969,116,12789,4953,17742,353,19,1210,24207
7/10/2020,970815,13207,230,0,83209,1149,143,13191,5076,18267,328,9,1266,25473
7/11/2020,978357,7542,116,0,83497,288,34,7532,2686,10218,151,20,1158,26631
7/12/2020,983517,5160,89,0,83681,184,32,5147,1894,7041,108,36,944,27575
7/13/2020,998385,14868,267,0,84738,1057,116,14812,5307,20119,376,4,340,27915
7/14/2020,1013724,15339,233,0,85723,985,92,15317,5895,21212,314,25,1296,29211
7/15/2020,1029580,15856,300,0,86657,934,104,15831,5825,21656,381,5,358,29569
7/16/2020,1043118,13538,245,0,87589,932,108,13476,5218,18694,320,33,1351,30920
7/17/2020,1056292,13174,225,0,88567,978,142,13130,5174,18304,299,4,315,31235
7/18/2020,1064482,8190,129,0,88852,285,62,8170,2864,11034,169,25,1038,32273
7/19/2020,1070333,5851,74,0,88971,119,24,5850,2060,7910,110,18,825,33098
7/20/2020,1084000,13667,280,0,89889,918,76,13616,4814,18430,356,34,1261,34359
7/21/2020,1098588,14588,261,0,90922,1033,113,14564,5296,19860,338,36,1343,35702
7/22/2020,1112144,13556,260,0,91901,979,119,13518,5147,18665,329,51,1556,37258
7/23/2020,1126579,14435,259,0,92794,893,148,14389,6341,20730,347,28,1506,38764
7/24/2020,1139790,13211,259,0,93579,785,109,13175,5059,18234,330,32,1371,40135
7/25/2020,1148272,8482,160,0,93712,133,6,8466,3312,11778,197,49,1242,41377
7/26/2020,1153664,5392,102,0,93806,94,7,5364,2195,7559,126,29,1028,42405
7/27/2020,1170143,16479,363,0,94770,964,147,16373,6147,22520,433,37,1343,43748
7/28/2020,1188720,18577,320,0,95650,880,118,18495,8049,26544,397,41,1366,45114
7/29/2020,1205177,16457,315,0,96529,879,125,16373,6844,23217,382,22,1542,46656
7/30/2020,1221717,16540,341,0,97351,822,100,16444,7214,23658,422,41,1444,48100
7/31/2020,1237172,15455,322,0,98063,712,112,15403,6617,22020,396,6,349,48449
8/1/2020,1245308,8136,148,0,98252,189,35,8112,3135,11247,187,11,304,48753
8/2/2020,1251250,5942,112,0,98396,144,43,5924,2414,8338,135,27,1255,50008
8/3/2020,1270703,19453,362,0,99106,710,99,19369,8027,27396,425,19,1677,51685
8/4/2020,1287715,17012,307,0,99982,876,123,16942,8063,25005,390,19,1564,53249
8/5/2020,1305808,18093,334,0,100678,696,88,18034,7920,25954,408,36,1785,55034
8/6/2020,1322525,16717,360,0,101362,684,82,16638,7377,24015,444,27,1706,56740
8/7/2020,1339255,16730,302,0,102057,695,96,16657,6695,23352,361,17,1764,58504
8/8/2020,1349028,9773,168,0,102169,112,8,9745,3602,13347,217,20,1433,59937
8/9/2020,1355503,6475,87,0,102235,66,5,6458,2803,9261,106,13,1166,61103
8/10/2020,1376409,20906,377,0,102916,681,104,20804,9246,30050,465,31,1765,62868
8/11/2020,1395195,18786,272,0,103619,703,111,18719,9119,27838,338,12,592,63460
8/12/2020,1413406,18211,285,0,104255,636,106,18137,8634,26771,357,25,1704,65164
8/13/2020,1428340,14934,284,0,104877,622,71,14870,7416,22286,359,23,1661,66825
8/14/2020,1439868,11528,196,0,105271,394,37,11477,5272,16749,243,25,1651,68476
8/15/2020,1441155,1287,14,0,105287,16,3,1284,825,2109,22,2,221,68697
8/16/2020,1441166,11,0,0,105287,0,0,11,14,25,0,0,0,68697
