Date,Molecular Total,Molecular New,Molecular Positive New,Molecular Missing,Serology Total,Serology New,Serology Positive New,First Molecular Test per person,Repeat Molecular Tests,All Molecular Tests,All Positive Molecular Tests,Antigen Positive New,Antigen New,Antigen Total
1/22/2020,1,1,0,,0,0,0,1,0,1,0,0,0,0
1/23/2020,2,1,0,,0,0,0,1,0,1,0,0,0,0
1/24/2020,2,0,0,,0,0,0,0,0,0,0,0,0,0
1/25/2020,2,0,0,,0,0,0,0,0,0,0,0,0,0
1/26/2020,2,0,0,,0,0,0,0,0,0,0,0,0,0
1/27/2020,3,1,0,,0,0,0,1,0,1,0,0,0,0
1/28/2020,3,0,0,,0,0,0,0,0,0,0,0,0,0
1/29/2020,4,1,1,,0,0,0,1,0,1,1,0,0,0
1/30/2020,4,0,0,,0,0,0,0,0,0,0,0,0,0
1/31/2020,4,0,0,,0,0,0,0,0,0,0,0,0,0
2/1/2020,4,0,0,,0,0,0,0,0,0,0,0,0,0
2/2/2020,4,0,0,,0,0,0,0,0,0,0,0,0,0
2/3/2020,7,3,0,,0,0,0,3,0,3,0,0,0,0
2/4/2020,9,2,0,,0,0,0,2,0,2,0,0,0,0
2/5/2020,9,0,0,,0,0,0,0,0,0,0,0,0,0
2/6/2020,10,1,1,,0,0,0,1,0,1,1,0,0,0
2/7/2020,10,0,0,,0,0,0,0,0,0,0,0,0,0
2/8/2020,11,1,0,,0,0,0,1,0,1,0,0,0,0
2/9/2020,11,0,0,,0,0,0,0,0,0,0,0,0,0
2/10/2020,11,0,0,,0,0,0,0,1,1,1,0,0,0
2/11/2020,11,0,0,,0,0,0,0,0,0,0,0,0,0
2/12/2020,12,1,0,,0,0,0,1,0,1,0,0,0,0
2/13/2020,12,0,0,,0,0,0,0,0,0,0,0,0,0
2/14/2020,12,0,0,,0,0,0,0,0,0,0,0,0,0
2/15/2020,12,0,0,,0,0,0,0,0,0,0,0,0,0
2/16/2020,12,0,0,,0,0,0,0,0,0,0,0,0,0
2/17/2020,12,0,0,,0,0,0,0,0,0,0,0,0,0
2/18/2020,12,0,0,,0,0,0,0,0,0,0,0,0,0
2/19/2020,12,0,0,,0,0,0,0,0,0,0,0,0,0
2/20/2020,13,1,0,,0,0,0,0,2,2,1,0,0,0
2/21/2020,13,0,0,,0,0,0,0,0,0,0,0,0,0
2/22/2020,13,0,0,,0,0,0,0,0,0,0,0,0,0
2/23/2020,13,0,0,,0,0,0,0,0,0,0,0,0,0
2/24/2020,13,0,0,,1,1,0,0,2,2,1,0,0,0
2/25/2020,13,0,0,,1,0,0,0,0,0,0,0,0,0
2/26/2020,13,0,0,,1,0,0,0,0,0,0,0,0,0
2/27/2020,13,0,0,,1,0,0,0,0,0,0,0,0,0
2/28/2020,13,0,0,,1,0,0,0,2,2,1,0,0,0
2/29/2020,14,1,0,,1,0,0,1,0,1,0,0,0,0
3/1/2020,16,2,1,,1,0,0,2,2,4,1,0,0,0
3/2/2020,19,3,0,,1,0,0,3,3,6,1,0,0,0
3/3/2020,33,14,1,,2,1,0,14,1,15,1,0,0,0
3/4/2020,52,19,2,,2,0,0,19,3,22,2,0,0,0
3/5/2020,84,32,8,,2,0,0,33,3,36,8,0,0,0
3/6/2020,122,38,14,,2,0,0,42,7,49,14,0,0,0
3/7/2020,206,84,44,,2,0,0,86,14,100,44,0,0,0
3/8/2020,261,55,19,,2,0,0,54,7,61,20,0,0,0
3/9/2020,332,71,5,,2,0,0,76,5,81,7,0,0,0
3/10/2020,436,104,14,,2,0,0,103,6,109,14,0,0,0
3/11/2020,609,173,22,,2,0,0,176,6,182,23,0,0,0
3/12/2020,1026,417,29,,2,0,0,425,7,432,29,0,0,0
3/13/2020,1963,937,61,,2,0,0,971,14,985,64,0,0,0
3/14/2020,2862,899,73,,2,0,0,920,15,935,74,0,0,0
3/15/2020,3889,1027,68,,2,0,0,1057,27,1084,72,0,0,0
3/16/2020,6028,2139,150,,2,0,0,2217,18,2235,152,0,0,0
3/17/2020,8703,2675,249,,2,0,0,2762,28,2790,255,0,0,0
3/18/2020,11681,2978,259,,2,0,0,3070,157,3227,263,0,0,0
3/19/2020,14578,2897,278,,2,0,0,2996,142,3138,286,0,0,0
3/20/2020,18217,3639,388,,2,0,0,3753,124,3877,394,0,0,0
3/21/2020,20747,2530,322,,2,0,0,2604,168,2772,340,0,0,0
3/22/2020,22638,1891,286,,2,0,0,1942,159,2101,298,0,0,0
3/23/2020,26412,3774,609,,2,0,0,3895,202,4097,632,0,0,0
3/24/2020,30394,3982,718,,2,0,0,4112,207,4319,738,0,0,0
3/25/2020,34488,4094,746,,2,0,0,4214,269,4483,792,0,0,0
3/26/2020,38895,4407,936,,2,0,0,4538,298,4836,984,0,0,0
3/27/2020,43253,4358,943,,2,0,0,4474,342,4816,1007,0,0,0
3/28/2020,46051,2798,654,,2,0,0,2870,332,3202,704,0,0,0
3/29/2020,48117,2066,523,,2,0,0,2155,318,2473,576,0,0,0
3/30/2020,53156,5039,1238,,2,0,0,5165,416,5581,1317,0,0,0
3/31/2020,58387,5231,1266,,2,0,0,5460,471,5931,1403,0,0,0
4/1/2020,63305,4918,1339,,2,0,0,5114,464,5578,1425,0,0,0
4/2/2020,68512,5207,1278,,5,3,1,5411,597,6008,1404,0,0,0
4/3/2020,74232,5720,1480,,5,0,0,5938,629,6567,1625,0,0,0
4/4/2020,78202,3970,1163,,9,4,1,4055,690,4745,1322,0,0,0
4/5/2020,81606,3404,977,,9,0,0,3564,540,4104,1078,0,0,0
4/6/2020,88213,6607,1932,,13,4,0,6800,783,7583,2101,0,0,0
4/7/2020,94740,6527,2022,,17,4,0,6656,967,7623,2241,0,0,0
4/8/2020,101506,6766,1864,,19,2,0,6976,983,7959,2107,0,0,0
4/9/2020,107895,6389,1978,,41,22,2,6734,1041,7775,2276,0,0,0
4/10/2020,115447,7552,2054,,42,1,1,7788,1063,8851,2314,0,0,0
4/11/2020,119790,4343,1297,,43,1,0,4493,811,5304,1473,0,0,0
4/12/2020,122802,3012,930,,46,3,2,3089,714,3803,1073,0,0,0
4/13/2020,129074,6272,2017,,54,8,0,6378,1139,7517,2263,0,0,0
4/14/2020,138789,9715,2871,,62,8,2,9850,1498,11348,3214,0,0,0
4/15/2020,148665,9876,2599,,72,10,2,10185,1470,11655,2913,0,0,0
4/16/2020,157515,8850,2387,,93,21,0,8960,1746,10706,2797,0,0,0
4/17/2020,168477,10962,2992,,173,80,5,11345,1781,13126,3324,0,0,0
4/18/2020,174447,5970,1481,,181,8,3,6311,1167,7478,1708,1,1,1
4/19/2020,179006,4559,1089,,191,10,1,4652,943,5595,1267,0,0,1
4/20/2020,189716,10710,2690,,255,64,6,11027,1944,12971,3109,0,0,1
4/21/2020,199106,9390,2188,,331,76,11,9664,2158,11822,2710,0,0,1
4/22/2020,211462,12356,2712,,478,147,17,12662,2737,15399,3230,0,0,1
4/23/2020,222199,10737,2408,,951,473,31,10857,2569,13426,2933,0,0,1
4/24/2020,234510,12311,2283,,1849,898,82,12374,2531,14905,2818,0,0,1
4/25/2020,242685,8175,1496,,2336,487,25,8416,1850,10266,1830,0,0,1
4/26/2020,247548,4863,847,,2791,455,36,4787,1421,6208,1166,0,0,1
4/27/2020,258467,10919,2130,,3933,1142,79,10838,2958,13796,2770,0,0,1
4/28/2020,270682,12215,2107,,5353,1420,83,12264,3014,15278,2767,0,0,1
4/29/2020,283256,12574,2190,,7056,1703,105,12571,2945,15516,2825,0,0,1
4/30/2020,296967,13711,2048,,8433,1377,116,13730,3165,16895,2705,0,0,1
5/1/2020,310993,14026,2084,,10209,1776,130,13975,3314,17289,2732,0,0,1
5/2/2020,318210,7217,1031,,10803,594,57,7301,1896,9197,1412,0,0,1
5/3/2020,323284,5074,735,,11207,404,42,5030,1430,6460,1001,0,1,2
5/4/2020,335250,11966,1881,,13227,2020,162,11838,3607,15445,2710,0,0,2
5/5/2020,347814,12564,1738,,15202,1975,157,12417,3597,16014,2505,0,1,3
5/6/2020,361047,13233,1700,,17180,1978,184,13056,3627,16683,2483,0,0,3
5/7/2020,374457,13410,1683,,19248,2068,173,13399,3691,17090,2469,0,0,3
5/8/2020,387697,13240,1461,,21132,1884,136,13210,3744,16954,2224,0,0,3
5/9/2020,393503,5806,684,,21759,627,38,5706,1983,7689,1025,0,0,3
5/10/2020,396652,3149,386,,22113,354,77,3077,1482,4559,674,0,0,3
5/11/2020,408425,11773,1313,,23952,1839,162,11603,4044,15647,2124,0,0,3
5/12/2020,421670,13245,1456,,25825,1873,148,13056,4305,17361,2270,0,0,3
5/13/2020,435599,13929,1320,,27570,1745,178,13760,4162,17922,2110,1,1,4
5/14/2020,448947,13348,1316,,29201,1631,165,13162,4221,17383,2083,0,0,4
5/15/2020,462729,13782,1107,,30816,1615,141,13606,4209,17815,1852,0,0,4
5/16/2020,469820,7091,650,,31350,534,50,6973,2367,9340,1033,1,1,5
5/17/2020,474107,4287,366,115,31708,358,54,4230,1625,5855,596,3,3,8
5/18/2020,487479,13372,1326,1,33334,1626,137,13175,4441,17616,2144,1,1,9
5/19/2020,499797,12318,1078,0,35038,1704,164,12190,4500,16690,1860,16,82,91
5/20/2020,512608,12811,1020,0,36899,1861,149,12602,4308,16910,1679,12,100,191
5/21/2020,524315,11707,969,0,38605,1706,193,11536,4410,15946,1670,19,282,473
5/22/2020,535338,11023,866,0,40249,1644,158,10863,3949,14812,1504,10,213,686
5/23/2020,540294,4956,390,0,40670,421,41,4897,1816,6713,628,16,197,883
5/24/2020,544384,4090,302,0,40983,313,40,4024,1535,5559,509,15,204,1087
5/25/2020,547486,3102,198,0,41313,330,49,3072,1492,4564,382,20,234,1321
5/26/2020,558690,11204,867,0,42832,1519,130,11069,4367,15436,1542,20,303,1624
5/27/2020,568867,10177,694,0,44269,1437,153,10068,3879,13947,1224,12,233,1857
5/28/2020,578208,9341,645,0,45563,1294,177,9230,3589,12819,1164,8,231,2088
5/29/2020,588438,10230,533,0,46886,1323,138,10119,3528,13647,1022,15,217,2305
5/30/2020,594227,5789,270,0,47152,266,35,5748,1815,7563,463,10,172,2477
5/31/2020,597926,3699,162,0,47341,189,38,3660,1402,5062,298,6,142,2619
6/1/2020,607420,9494,508,0,48490,1149,165,9390,3508,12898,936,6,226,2845
6/2/2020,616867,9447,447,0,49592,1102,88,9359,3726,13085,881,9,223,3068
6/3/2020,626407,9540,462,0,50755,1163,124,9408,3708,13116,870,3,192,3260
6/4/2020,634984,8577,382,0,51825,1070,91,8489,3534,12023,749,2,171,3431
6/5/2020,643483,8499,339,0,53033,1208,150,8430,3093,11523,660,4,186,3617
6/6/2020,648052,4569,149,0,53321,288,33,4558,1708,6266,288,3,149,3766
6/7/2020,651594,3542,151,0,53493,172,24,3502,1464,4966,252,10,141,3907
6/8/2020,662266,10672,356,0,54503,1010,102,10628,3320,13948,678,6,189,4096
6/9/2020,673253,10987,345,0,55669,1166,109,10900,3457,14357,644,10,189,4285
6/10/2020,683501,10248,257,0,56867,1198,137,10220,3220,13440,560,12,243,4528
6/11/2020,693788,10287,229,0,58099,1232,106,10249,2838,13087,505,11,271,4799
6/12/2020,703832,10044,257,0,59340,1241,85,9992,3015,13007,485,9,269,5068
6/13/2020,708639,4807,98,0,59569,229,22,4795,1666,6461,193,7,205,5273
6/14/2020,712347,3708,77,0,59745,176,25,3688,1352,5040,146,6,212,5485
6/15/2020,723072,10725,235,0,60923,1178,114,10682,3449,14131,492,9,461,5946
6/16/2020,733501,10429,200,0,62131,1208,88,10398,3334,13732,390,13,434,6380
6/17/2020,748087,14586,249,0,63356,1225,115,14579,3452,18031,449,23,464,6844
6/18/2020,762866,14779,241,0,64727,1371,90,14749,3242,17991,406,9,403,7247
6/19/2020,771821,8955,176,0,65852,1125,83,8929,2793,11722,314,9,494,7741
6/20/2020,777198,5377,93,0,66122,270,17,5370,1851,7221,162,5,452,8193
6/21/2020,781078,3880,79,0,66267,145,16,3869,1358,5227,120,6,321,8514
6/22/2020,791143,10065,226,0,67373,1106,98,10029,3575,13604,414,8,747,9261
6/23/2020,801630,10487,190,0,68666,1293,129,10478,3616,14094,332,4,646,9907
6/24/2020,812263,10633,211,0,69985,1319,100,10603,3399,14002,344,13,660,10567
6/25/2020,821815,9552,205,0,71186,1201,108,9519,3128,12647,333,9,541,11108
6/26/2020,832023,10208,200,0,72439,1253,106,10213,3030,13243,329,8,765,11873
6/27/2020,838090,6067,134,0,72681,242,19,6050,1812,7862,191,4,667,12540
6/28/2020,842864,4774,71,0,72902,221,19,4785,1620,6405,122,4,574,13114
6/29/2020,855032,12168,202,0,74033,1131,100,12165,3972,16137,315,11,926,14040
6/30/2020,867440,12408,220,0,75262,1229,111,12359,3801,16160,345,9,1070,15110
7/1/2020,878400,10960,218,0,76361,1099,103,10955,3665,14620,318,12,1029,16139
7/2/2020,888713,10313,225,0,77477,1116,120,10314,3673,13987,345,15,1014,17153
7/3/2020,894799,6086,98,0,77905,428,61,6083,2334,8417,163,11,1147,18300
7/4/2020,897764,2965,61,0,78022,117,9,2958,1324,4282,107,14,520,18820
7/5/2020,902573,4809,101,0,78142,120,23,4793,1861,6654,136,20,667,19487
7/6/2020,915188,12615,239,0,79063,921,94,12588,4499,17087,349,20,1100,20587
7/7/2020,930122,14934,241,0,80148,1085,117,14908,4892,19800,325,21,1124,21711
7/8/2020,944476,14354,214,0,81095,947,89,14336,5234,19570,300,21,1281,22992
7/9/2020,957329,12853,254,0,82069,974,116,12812,4965,17777,354,19,1209,24201
7/10/2020,970554,13225,230,0,83219,1150,144,13213,5101,18314,329,9,1266,25467
7/11/2020,978141,7587,117,0,83506,287,34,7582,2699,10281,152,20,1158,26625
7/12/2020,983322,5181,89,0,83695,189,32,5169,1901,7070,108,36,944,27569
7/13/2020,998211,14889,268,0,84752,1057,116,14843,5336,20179,377,4,340,27909
7/14/2020,1013606,15395,232,0,85737,985,92,15377,5924,21301,314,25,1296,29205
7/15/2020,1029554,15948,299,0,86670,933,104,15930,5852,21782,381,5,358,29563
7/16/2020,1043118,13564,245,0,87602,932,108,13509,5235,18744,320,33,1350,30913
7/17/2020,1056346,13228,226,0,88580,978,142,13187,5189,18376,300,4,315,31228
7/18/2020,1064554,8208,129,0,88865,285,62,8190,2880,11070,169,25,1038,32266
7/19/2020,1070419,5865,75,0,88984,119,24,5864,2076,7940,111,18,825,33091
7/20/2020,1084118,13699,280,0,89965,981,100,13650,4842,18492,356,34,1263,34354
7/21/2020,1098740,14622,261,0,91000,1035,114,14607,5323,19930,339,36,1343,35697
7/22/2020,1112329,13589,262,0,92002,1002,119,13563,5172,18735,331,51,1556,37253
7/23/2020,1126835,14506,259,0,92923,921,147,14463,6377,20840,348,28,1509,38762
7/24/2020,1140118,13283,261,0,93708,785,110,13251,5096,18347,332,32,1411,40173
7/25/2020,1148650,8532,160,0,93842,134,6,8519,3327,11846,198,49,1255,41428
7/26/2020,1154091,5441,101,0,93936,94,7,5418,2216,7634,126,29,1029,42457
7/27/2020,1170628,16537,363,0,94898,962,146,16437,6180,22617,433,37,1343,43800
7/28/2020,1189301,18673,320,0,95777,879,118,18607,8081,26688,397,41,1366,45166
7/29/2020,1205829,16528,318,0,96659,882,126,16451,6886,23337,387,22,1541,46707
7/30/2020,1222452,16623,339,0,97479,820,98,16540,7250,23790,420,41,1442,48149
7/31/2020,1237969,15517,321,0,98192,713,112,15478,6650,22128,395,6,348,48497
8/1/2020,1246191,8222,148,0,98384,192,35,8199,3158,11357,188,11,304,48801
8/2/2020,1252163,5972,112,0,98530,146,43,5957,2435,8392,135,27,1253,50054
8/3/2020,1271733,19570,362,0,99298,768,99,19497,8074,27571,425,18,1676,51730
8/4/2020,1289114,17381,309,0,100179,881,123,17324,8103,25427,395,20,1570,53300
8/5/2020,1307322,18208,330,0,100877,698,88,18159,8057,26216,408,36,1785,55085
8/6/2020,1324139,16817,363,0,101571,694,82,16756,7469,24225,447,27,1706,56791
8/7/2020,1340942,16803,301,0,102277,706,93,16742,6790,23532,361,17,1764,58555
8/8/2020,1350787,9845,171,0,102390,113,9,9822,3637,13459,220,19,1431,59986
8/9/2020,1357309,6522,87,0,102457,67,5,6509,2826,9335,106,13,1168,61154
8/10/2020,1378441,21132,373,0,103223,766,102,21042,9413,30455,464,32,1775,62929
8/11/2020,1397795,19354,284,0,104003,780,110,19296,9435,28731,354,9,590,63519
8/12/2020,1417578,19783,308,0,104736,733,114,19727,9180,28907,390,23,1705,65224
8/13/2020,1436788,19210,352,0,105509,773,77,19169,8760,27929,443,23,1658,66882
8/14/2020,1456407,19619,346,0,106212,703,86,19543,8221,27764,414,28,1671,68553
8/15/2020,1466210,9803,152,0,106338,126,13,9777,3867,13644,186,5,331,68884
8/16/2020,1473905,7695,120,0,106426,88,5,7687,3226,10913,142,21,1416,70300
8/17/2020,1500389,26484,373,0,107121,695,107,26426,12430,38856,473,24,1857,72157
8/18/2020,1524467,24078,384,0,107750,629,68,24017,12727,36744,449,6,493,72650
8/19/2020,1547598,23131,341,0,108407,657,47,23023,12887,35910,402,29,1810,74460
8/20/2020,1569305,21707,353,0,109054,647,72,21627,13441,35068,420,25,1666,76126
8/21/2020,1588639,19334,273,0,109603,549,64,19288,12530,31818,358,24,1564,77690
8/22/2020,1600623,11984,147,0,109687,84,11,11919,6447,18366,191,25,1200,78890
8/23/2020,1609750,9127,94,0,109745,58,4,9107,5781,14888,115,20,1105,79995
8/24/2020,1632192,22442,326,0,110435,690,26,22335,20899,43234,408,23,1706,81701
8/25/2020,1647441,15249,182,0,110974,539,15,15186,17518,32704,241,11,463,82164
8/26/2020,1649815,2374,56,0,111148,174,6,2360,1935,4295,78,4,397,82561
8/27/2020,1649836,21,0,0,111148,0,0,21,11,32,0,0,12,82573
