Date,Molecular Total,Molecular New,Molecular Positive New,Molecular Missing,Serology Total,Serology New,Serology Positive New,First Molecular Test per person,Repeat Molecular Tests,All Molecular Tests,All Positive Molecular Tests,Antigen Positive New,Antigen New,Antigen Total
1/22/2020,1,1,0,,0,0,0,1,0,1,0,0,0,0
1/23/2020,2,1,0,,0,0,0,1,0,1,0,0,0,0
1/24/2020,2,0,0,,0,0,0,0,0,0,0,0,0,0
1/25/2020,2,0,0,,0,0,0,0,0,0,0,0,0,0
1/26/2020,2,0,0,,0,0,0,0,0,0,0,0,0,0
1/27/2020,3,1,0,,0,0,0,1,0,1,0,0,0,0
1/28/2020,3,0,0,,0,0,0,0,0,0,0,0,0,0
1/29/2020,4,1,1,,0,0,0,1,0,1,1,0,0,0
1/30/2020,4,0,0,,0,0,0,0,0,0,0,0,0,0
1/31/2020,4,0,0,,0,0,0,0,0,0,0,0,0,0
2/1/2020,4,0,0,,0,0,0,0,0,0,0,0,0,0
2/2/2020,4,0,0,,0,0,0,0,0,0,0,0,0,0
2/3/2020,7,3,0,,0,0,0,3,0,3,0,0,0,0
2/4/2020,9,2,0,,0,0,0,2,0,2,0,0,0,0
2/5/2020,9,0,0,,0,0,0,0,0,0,0,0,0,0
2/6/2020,10,1,1,,0,0,0,1,0,1,1,0,0,0
2/7/2020,10,0,0,,0,0,0,0,0,0,0,0,0,0
2/8/2020,11,1,0,,0,0,0,1,0,1,0,0,0,0
2/9/2020,11,0,0,,0,0,0,0,0,0,0,0,0,0
2/10/2020,11,0,0,,0,0,0,0,1,1,1,0,0,0
2/11/2020,11,0,0,,0,0,0,0,0,0,0,0,0,0
2/12/2020,12,1,0,,0,0,0,1,0,1,0,0,0,0
2/13/2020,12,0,0,,0,0,0,0,0,0,0,0,0,0
2/14/2020,12,0,0,,0,0,0,0,0,0,0,0,0,0
2/15/2020,12,0,0,,0,0,0,0,0,0,0,0,0,0
2/16/2020,12,0,0,,0,0,0,0,0,0,0,0,0,0
2/17/2020,12,0,0,,0,0,0,0,0,0,0,0,0,0
2/18/2020,12,0,0,,0,0,0,0,0,0,0,0,0,0
2/19/2020,12,0,0,,0,0,0,0,0,0,0,0,0,0
2/20/2020,13,1,0,,0,0,0,1,1,2,1,0,0,0
2/21/2020,13,0,0,,0,0,0,0,0,0,0,0,0,0
2/22/2020,13,0,0,,0,0,0,0,0,0,0,0,0,0
2/23/2020,13,0,0,,0,0,0,0,0,0,0,0,0,0
2/24/2020,13,0,0,,1,1,0,0,2,2,1,0,0,0
2/25/2020,13,0,0,,1,0,0,0,0,0,0,0,0,0
2/26/2020,13,0,0,,1,0,0,0,0,0,0,0,0,0
2/27/2020,14,1,0,,1,0,0,1,0,1,0,0,0,0
2/28/2020,14,0,0,,1,0,0,0,2,2,1,0,0,0
2/29/2020,15,1,0,,1,0,0,1,0,1,0,0,0,0
3/1/2020,17,2,1,,1,0,0,2,2,4,1,0,0,0
3/2/2020,20,3,0,,1,0,0,3,3,6,1,0,0,0
3/3/2020,34,14,1,,2,1,0,14,1,15,1,0,0,0
3/4/2020,53,19,2,,2,0,0,19,3,22,2,0,0,0
3/5/2020,85,32,8,,2,0,0,33,3,36,8,0,0,0
3/6/2020,123,38,14,,2,0,0,42,7,49,14,0,0,0
3/7/2020,207,84,44,,2,0,0,86,14,100,44,0,0,0
3/8/2020,262,55,19,,2,0,0,54,7,61,20,0,0,0
3/9/2020,333,71,5,,2,0,0,76,5,81,7,0,0,0
3/10/2020,437,104,14,,2,0,0,103,6,109,14,0,0,0
3/11/2020,610,173,22,,2,0,0,176,6,182,23,0,0,0
3/12/2020,1027,417,29,,2,0,0,425,7,432,29,0,0,0
3/13/2020,1964,937,61,,2,0,0,971,14,985,64,0,0,0
3/14/2020,2862,898,73,,2,0,0,920,15,935,74,0,0,0
3/15/2020,3889,1027,68,,2,0,0,1057,27,1084,72,0,0,0
3/16/2020,6028,2139,150,,2,0,0,2217,18,2235,152,0,0,0
3/17/2020,8702,2674,249,,2,0,0,2761,28,2789,255,0,0,0
3/18/2020,11680,2978,259,,2,0,0,3070,157,3227,263,0,0,0
3/19/2020,14577,2897,278,,2,0,0,2996,142,3138,286,0,0,0
3/20/2020,18214,3637,388,,2,0,0,3753,124,3877,394,0,0,0
3/21/2020,20744,2530,322,,2,0,0,2604,168,2772,340,0,0,0
3/22/2020,22633,1889,286,,2,0,0,1941,160,2101,298,0,0,0
3/23/2020,26405,3772,609,,2,0,0,3895,202,4097,632,0,0,0
3/24/2020,30385,3980,718,,2,0,0,4112,207,4319,738,0,0,0
3/25/2020,34476,4091,746,,2,0,0,4213,269,4482,792,0,0,0
3/26/2020,38881,4405,935,,2,0,0,4538,299,4837,984,0,0,0
3/27/2020,43237,4356,943,,2,0,0,4473,343,4816,1007,0,0,0
3/28/2020,46032,2795,654,,2,0,0,2870,332,3202,704,0,0,0
3/29/2020,48097,2065,523,,2,0,0,2155,318,2473,576,0,0,0
3/30/2020,53131,5034,1238,,2,0,0,5165,416,5581,1317,0,0,0
3/31/2020,58360,5229,1266,,2,0,0,5460,471,5931,1403,0,0,0
4/1/2020,63275,4915,1339,,2,0,0,5114,464,5578,1425,0,0,0
4/2/2020,68479,5204,1278,,5,3,1,5411,597,6008,1404,0,0,0
4/3/2020,74197,5718,1480,,5,0,0,5938,629,6567,1625,0,0,0
4/4/2020,78165,3968,1162,,9,4,1,4054,691,4745,1322,0,0,0
4/5/2020,81569,3404,977,,9,0,0,3564,540,4104,1078,0,0,0
4/6/2020,88172,6603,1932,,13,4,0,6800,783,7583,2101,0,0,0
4/7/2020,94699,6527,2022,,17,4,0,6657,967,7624,2241,0,0,0
4/8/2020,101461,6762,1864,,19,2,0,6976,983,7959,2107,0,0,0
4/9/2020,107842,6381,1978,,41,22,2,6729,1041,7770,2276,0,0,0
4/10/2020,115382,7540,2054,,42,1,1,7781,1063,8844,2314,0,0,0
4/11/2020,119719,4337,1297,,43,1,0,4489,813,5302,1473,0,0,0
4/12/2020,122725,3006,930,,46,3,2,3084,718,3802,1073,0,0,0
4/13/2020,128994,6269,2017,,54,8,0,6375,1142,7517,2263,0,0,0
4/14/2020,138701,9707,2871,,62,8,2,9848,1500,11348,3214,0,0,0
4/15/2020,148573,9872,2599,,72,10,2,10183,1472,11655,2913,0,0,0
4/16/2020,157414,8841,2387,,93,21,0,8956,1750,10706,2797,0,0,0
4/17/2020,168317,10903,2991,,173,80,5,11289,1836,13125,3323,0,0,0
4/18/2020,174283,5966,1481,,181,8,3,6310,1169,7479,1708,1,1,1
4/19/2020,178836,4553,1089,,191,10,1,4653,944,5597,1267,0,0,1
4/20/2020,189528,10692,2688,,254,63,6,11012,1959,12971,3109,0,0,1
4/21/2020,198905,9377,2187,,330,76,11,9653,2168,11821,2710,0,0,1
4/22/2020,211248,12343,2708,,477,147,17,12653,2744,15397,3228,0,0,1
4/23/2020,221973,10725,2407,,950,473,31,10849,2574,13423,2933,0,0,1
4/24/2020,234270,12297,2281,,1848,898,82,12361,2544,14905,2818,0,0,1
4/25/2020,242433,8163,1494,,2335,487,25,8409,1857,10266,1830,0,0,1
4/26/2020,247289,4856,845,,2790,455,36,4780,1428,6208,1166,0,0,1
4/27/2020,258199,10910,2130,,3932,1142,79,10834,2962,13796,2770,0,0,1
4/28/2020,270400,12201,2104,,5352,1420,83,12253,3025,15278,2767,0,0,1
4/29/2020,282960,12560,2187,,7055,1703,105,12566,2950,15516,2825,0,0,1
4/30/2020,296657,13697,2047,,8432,1377,116,13727,3168,16895,2705,0,0,1
5/1/2020,310676,14019,2083,,10208,1776,130,13972,3320,17292,2732,0,0,1
5/2/2020,317886,7210,1029,,10802,594,57,7298,1899,9197,1412,0,0,1
5/3/2020,322957,5071,734,,11206,404,42,5027,1433,6460,1001,0,1,2
5/4/2020,334900,11943,1880,,13226,2020,162,11831,3613,15444,2710,0,0,2
5/5/2020,347410,12510,1735,,15201,1975,157,12366,3651,16017,2505,0,1,3
5/6/2020,360630,13220,1699,,17179,1978,184,13049,3634,16683,2483,0,0,3
5/7/2020,374031,13401,1679,,19247,2068,173,13404,3710,17114,2469,0,0,3
5/8/2020,387253,13222,1456,,21131,1884,136,13206,3753,16959,2224,0,0,3
5/9/2020,393054,5801,684,,21758,627,38,5705,1984,7689,1025,0,0,3
5/10/2020,396193,3139,385,,22112,354,77,3073,1487,4560,674,0,0,3
5/11/2020,407957,11764,1310,,23951,1839,162,11601,4046,15647,2124,0,0,3
5/12/2020,421188,13231,1451,,25823,1872,148,13050,4312,17362,2270,0,0,3
5/13/2020,435103,13915,1316,,27568,1745,178,13753,4169,17922,2110,1,1,4
5/14/2020,448444,13341,1313,,29199,1631,165,13158,4225,17383,2083,0,0,4
5/15/2020,462218,13774,1105,,30814,1615,141,13601,4215,17816,1852,0,0,4
5/16/2020,469295,7077,646,,31348,534,50,6965,2375,9340,1033,1,1,5
5/17/2020,473575,4280,363,115,31706,358,54,4226,1629,5855,596,3,3,8
5/18/2020,486932,13357,1319,1,33332,1626,137,13164,4451,17615,2144,1,1,9
5/19/2020,499235,12303,1076,0,35036,1704,164,12185,4505,16690,1860,16,82,91
5/20/2020,512030,12795,1014,0,36896,1860,149,12591,4319,16910,1679,12,100,191
5/21/2020,523720,11690,966,0,38602,1706,193,11525,4421,15946,1670,19,282,473
5/22/2020,534736,11016,865,0,40246,1644,158,10858,3954,14812,1504,10,213,686
5/23/2020,539686,4950,389,0,40667,421,41,4895,1818,6713,628,16,197,883
5/24/2020,543774,4088,302,0,40980,313,40,4024,1535,5559,509,15,204,1087
5/25/2020,546867,3093,198,0,41310,330,49,3072,1492,4564,382,20,234,1321
5/26/2020,558061,11194,865,0,42829,1519,130,11065,4373,15438,1542,20,303,1624
5/27/2020,568235,10174,690,0,44266,1437,153,10070,3891,13961,1224,12,233,1857
5/28/2020,577585,9350,641,0,45560,1294,177,9244,3613,12857,1164,8,231,2088
5/29/2020,587879,10294,531,0,46883,1323,138,10186,3565,13751,1022,15,216,2304
5/30/2020,593673,5794,270,0,47149,266,35,5755,1831,7586,464,10,172,2476
5/31/2020,597370,3697,161,0,47338,189,38,3660,1409,5069,298,6,142,2618
6/1/2020,606878,9508,508,0,48486,1148,165,9412,3529,12941,936,6,225,2843
6/2/2020,616392,9514,447,0,49588,1102,88,9436,3757,13193,881,9,223,3066
6/3/2020,626014,9622,461,0,50751,1163,124,9492,3750,13242,870,3,192,3258
6/4/2020,634709,8695,380,0,51821,1070,91,8610,3601,12211,750,2,171,3429
6/5/2020,643358,8649,338,0,53029,1208,150,8583,3141,11724,660,4,186,3615
6/6/2020,647987,4629,149,0,53317,288,33,4620,1752,6372,288,3,149,3764
6/7/2020,651604,3617,151,0,53489,172,24,3581,1505,5086,252,10,141,3905
6/8/2020,662493,10889,355,0,54499,1010,102,10849,3414,14263,678,6,189,4094
6/9/2020,673668,11175,345,0,55665,1166,109,11092,3554,14646,644,10,189,4283
6/10/2020,684058,10390,257,0,56863,1198,137,10368,3310,13678,560,12,243,4526
6/11/2020,694541,10483,227,0,58095,1232,106,10445,2952,13397,505,11,271,4797
6/12/2020,704923,10382,255,0,59336,1241,85,10331,3126,13457,484,9,267,5064
6/13/2020,709857,4934,97,0,59565,229,22,4923,1728,6651,193,7,205,5269
6/14/2020,713678,3821,77,0,59741,176,25,3803,1433,5236,146,6,212,5481
6/15/2020,724680,11002,235,0,60919,1178,114,10962,3582,14544,492,9,461,5942
6/16/2020,735326,10646,199,0,62127,1208,88,10621,3465,14086,391,13,434,6376
6/17/2020,750110,14784,249,0,63352,1225,115,14784,3539,18323,449,23,464,6840
6/18/2020,765105,14995,241,0,64723,1371,90,14974,3357,18331,406,9,403,7243
6/19/2020,774388,9283,176,0,65848,1125,83,9258,2928,12186,314,9,494,7737
6/20/2020,779903,5515,92,0,66118,270,17,5509,1929,7438,161,5,452,8189
6/21/2020,783911,4008,79,0,66263,145,16,3999,1432,5431,120,6,321,8510
6/22/2020,794296,10385,224,0,67369,1106,98,10352,3711,14063,414,8,746,9256
6/23/2020,804808,10512,189,0,68662,1293,129,10509,3645,14154,332,4,646,9902
6/24/2020,815409,10601,211,0,69981,1319,100,10579,3427,14006,344,13,659,10561
6/25/2020,824941,9532,205,0,71182,1201,108,9508,3142,12650,334,9,540,11101
6/26/2020,835129,10188,199,0,72435,1253,106,10204,3043,13247,329,8,765,11866
6/27/2020,841182,6053,133,0,72677,242,19,6040,1824,7864,191,4,667,12533
6/28/2020,845944,4762,71,0,72898,221,19,4773,1635,6408,122,4,574,13107
6/29/2020,858084,12140,203,0,74030,1132,100,12144,3997,16141,316,11,926,14033
6/30/2020,870478,12394,221,0,75259,1229,111,12346,3821,16167,346,9,1070,15103
7/1/2020,881421,10943,218,0,76358,1099,103,10943,3677,14620,318,12,1029,16132
7/2/2020,891734,10313,225,0,77476,1118,120,10315,3681,13996,345,15,1014,17146
7/3/2020,897810,6076,98,0,77906,430,61,6077,2344,8421,163,11,1147,18293
7/4/2020,900767,2957,60,0,78023,117,9,2952,1330,4282,107,14,519,18812
7/5/2020,905567,4800,101,0,78143,120,23,4787,1867,6654,136,20,667,19479
7/6/2020,918152,12585,238,0,79064,921,94,12566,4520,17086,349,20,1098,20577
7/7/2020,933064,14912,240,0,80149,1085,117,14890,4909,19799,325,21,1124,21701
7/8/2020,947397,14333,214,0,81096,947,89,14322,5245,19567,300,21,1280,22981
7/9/2020,960238,12841,254,0,82070,974,116,12801,4976,17777,354,19,1208,24189
7/10/2020,973444,13206,228,0,83220,1150,144,13202,5112,18314,329,9,1266,25455
7/11/2020,981020,7576,117,0,83507,287,34,7577,2704,10281,152,20,1158,26613
7/12/2020,986196,5176,89,0,83696,189,32,5164,1905,7069,108,36,943,27556
7/13/2020,1001063,14867,267,0,84753,1057,116,14829,5350,20179,377,4,340,27896
7/14/2020,1016463,15400,232,0,85737,984,92,15390,5937,21327,314,25,1295,29191
7/15/2020,1032412,15949,300,0,86670,933,104,15938,5881,21819,382,5,358,29549
7/16/2020,1045977,13565,243,0,87602,932,108,13517,5246,18763,320,33,1350,30899
7/17/2020,1059202,13225,228,0,88580,978,142,13188,5200,18388,302,4,315,31214
7/18/2020,1067399,8197,128,0,88865,285,62,8180,2890,11070,169,25,1038,32252
7/19/2020,1073257,5858,75,0,88985,120,24,5859,2082,7941,111,18,824,33076
7/20/2020,1086942,13685,279,0,89975,990,101,13642,4871,18513,356,34,1265,34341
7/21/2020,1101536,14594,258,0,91012,1037,115,14587,5366,19953,338,36,1353,35694
7/22/2020,1115117,13581,260,0,92049,1037,119,13560,5213,18773,330,51,1562,37256
7/23/2020,1129615,14498,259,0,92970,921,147,14455,6414,20869,348,28,1510,38766
7/24/2020,1142861,13246,259,0,93755,785,110,13219,5141,18360,332,32,1415,40181
7/25/2020,1151377,8516,160,0,93890,135,6,8504,3346,11850,199,49,1255,41436
7/26/2020,1156805,5428,102,0,93985,95,7,5407,2228,7635,126,29,1029,42465
7/27/2020,1173325,16520,361,0,94948,963,146,16424,6225,22649,433,37,1344,43809
7/28/2020,1191976,18651,320,0,95830,882,118,18599,8117,26716,398,41,1366,45175
7/29/2020,1208479,16503,319,0,96718,888,128,16444,6936,23380,388,22,1540,46715
7/30/2020,1225079,16600,337,0,97543,825,99,16527,7290,23817,420,41,1440,48155
7/31/2020,1240583,15504,321,0,98263,720,113,15473,6682,22155,395,6,348,48503
8/1/2020,1248791,8208,149,0,98455,192,35,8189,3175,11364,189,11,304,48807
8/2/2020,1254760,5969,112,0,98601,146,43,5954,2445,8399,135,27,1252,50059
8/3/2020,1274321,19561,363,0,99378,777,101,19498,8120,27618,427,18,1675,51734
8/4/2020,1291738,17417,309,0,100265,887,123,17382,8130,25512,395,20,1570,53304
8/5/2020,1309959,18221,330,0,100968,703,89,18186,8090,26276,409,36,1785,55089
8/6/2020,1326731,16772,357,0,101668,700,83,16722,7524,24246,446,27,1706,56795
8/7/2020,1343518,16787,302,0,102379,711,94,16729,6823,23552,363,17,1763,58558
8/8/2020,1353336,9818,169,0,102492,113,9,9803,3657,13460,219,19,1430,59988
8/9/2020,1359856,6520,87,0,102559,67,5,6507,2831,9338,106,13,1168,61156
8/10/2020,1380950,21094,372,0,103330,771,102,21014,9454,30468,464,32,1774,62930
8/11/2020,1400296,19346,284,0,104112,782,109,19301,9566,28867,354,9,589,63519
8/12/2020,1420065,19769,305,0,104851,739,114,19736,9269,29005,390,23,1704,65223
8/13/2020,1439283,19218,353,0,105627,776,77,19187,8838,28025,444,23,1659,66882
8/14/2020,1458886,19603,345,0,106338,711,86,19552,8308,27860,414,28,1675,68557
8/15/2020,1468678,9792,152,0,106464,126,13,9776,3885,13661,187,5,331,68888
8/16/2020,1476392,7714,120,0,106552,88,5,7714,3247,10961,143,20,1413,70301
8/17/2020,1503036,26644,374,0,107250,698,108,26608,12662,39270,475,24,1857,72158
8/18/2020,1527239,24203,382,0,107882,632,68,24166,12992,37158,453,5,493,72651
8/19/2020,1550486,23247,342,0,108548,666,48,23163,13063,36226,405,29,1808,74459
8/20/2020,1572495,22009,357,0,109206,658,73,21947,13799,35746,427,26,1661,76120
8/21/2020,1592162,19667,285,0,109769,563,63,19636,12840,32476,368,24,1564,77684
8/22/2020,1604207,12045,150,0,109855,86,11,11990,6572,18562,194,24,1199,78883
8/23/2020,1613658,9451,92,0,109914,59,4,9442,6143,15585,115,20,1105,79988
8/24/2020,1638981,25323,401,0,110637,723,28,25232,23549,48781,488,24,1731,81719
8/25/2020,1662815,23834,389,0,111265,628,19,23753,23766,47519,475,33,1450,83169
8/26/2020,1686863,24048,382,0,111779,514,19,24008,20485,44493,466,36,1454,84623
8/27/2020,1706035,19172,349,0,112509,730,11,19087,23118,42205,412,5,425,85048
8/28/2020,1728423,22388,376,0,112946,437,9,22283,21374,43657,460,33,1340,86388
8/29/2020,1744242,15819,172,0,113037,91,1,15792,8720,24512,221,27,1117,87505
8/30/2020,1755752,11510,139,0,113081,44,2,11487,8960,20447,166,21,1011,88516
8/31/2020,1780241,24489,436,0,113482,401,16,24347,32580,56927,538,4,489,89005
9/1/2020,1803493,23252,402,0,113867,385,11,23107,31559,54666,469,24,1304,90309
9/2/2020,1823150,19657,369,0,114243,376,17,19535,28194,47729,440,22,1533,91842
9/3/2020,1841264,18114,369,0,114611,368,15,18001,31823,49824,441,8,449,92291
9/4/2020,1853325,12061,203,0,114929,318,13,11981,23442,35423,253,4,302,92593
9/5/2020,1857646,4321,74,0,114941,12,1,4280,7222,11502,94,1,297,92890
9/6/2020,1857664,18,0,0,114941,0,0,18,16,34,0,0,17,92907
